"V1"	"V2"	"V3"	"V4"	"V5"
-0.598992150457827	-1.12382956468779	0.710691369941305	-0.137447681369174	1.28201921324458
-0.198591639605012	-0.579733404057182	-1.87062885384961	-0.11998565272439	1.74853022419451
0.0956543008764492	-0.0393328542810704	0.8701536834977	1.51189379569161	-0.097663213967932
0.064340690147516	-0.620182147351478	0.584931479133302	0.10288268557913	-1.40931665815458
1.27628784678515	-2.03400300031828	0.0697376221370455	-1.42720729483424	0.525104103551086
-1.12707939177439	-1.37408935442864	-0.447792018451728	0.585302528465983	-0.674463206671323
2.58247551099092	-0.262926669610006	-0.819461093161452	0.577199055257898	-0.924726100023501
-0.209180491715454	-1.16333515036542	0.649591580479919	-0.334044928391087	-0.427825026259018
-0.712187799952106	-0.0751299383609169	1.79061347504646	-0.203022625876541	-0.436276269125559
-1.18748632447955	0.972820356049424	0.817332155696155	-0.333968451010129	1.27728995190417
-2.0580656251443	-0.961755041955434	-0.634752844859085	-0.49626728156405	0.287169575882867
-0.0172766115730761	-0.897232388830304	0.443862896197907	-0.488823441325274	-1.09050353616628
0.268022296837393	-0.66783248046582	0.817557192196085	0.327856283660712	-0.00550817389649049
0.359149898331587	-2.15386756739987	-0.71582790078529	-1.03583983388431	-2.35500243069624
-0.491259990928062	0.491151220023167	0.455192737186384	-0.588097469462493	-1.43826431336485
-0.343602482913619	-1.06963296814306	0.211769683238807	0.0963563827543193	1.70030835655318
-1.3582223437452	0.825546721863532	-0.566277058413077	0.497565301348284	0.0710399072971668
0.230749232912419	-0.88443821089252	0.0415631274151381	0.8920074741027	-0.418690443971506
0.468825263823895	-1.52308169687586	0.126598164323443	-1.01843727154211	1.05455835060133
1.47877827086495	1.04548830145083	-0.748929146126166	-0.786754843355922	-0.12237846061819
0.515334837569754	-0.54166409721675	-2.26739090982467	-1.60719504809901	1.25495275724159
-0.310746052069615	-0.297054249345253	0.98919588058434	0.327339231757292	0.0133024024037854
0.0525396624556005	-1.90493891579556	0.152384333496012	-0.505588436510136	-1.02905367329014
0.23860649909913	-0.0162443752092266	1.28563001575771	0.25629620823043	-0.80644390456839
0.26611015952295	1.85207459351706	0.787980997723696	0.114878256405347	-0.341714195494034
-1.29422008400967	-1.2120988015667	1.20905038749171	-0.277628814395946	-2.98726012406901
0.667793681041003	-1.79566902448911	0.0216928700717336	-0.455489484866444	-0.0067511924644998
0.408110287790623	2.09463174200347	0.338250951678961	1.21100757757033	0.143717802721781
1.2492910207601	-0.132460750777879	2.50173852282153	-0.802047867808463	-0.110288200612483
-0.402669481426101	-1.19985536347542	0.284746748731795	0.627969609729767	0.707047836604902
0.205528024432722	2.07733703997603	1.61526128521335	-0.232967247672679	-0.910877845560801
0.163789850976558	0.405917274721815	1.83003609124985	-0.839647829828284	-0.906641120787242
1.65589971233284	0.107750500501963	1.27845617966478	-0.411533950558626	-0.266839619604548
-0.1829305100075	-1.56865509302001	-0.361305411341516	-0.253904760127419	-1.44568655412716
-0.0511850264470041	0.0172428532493647	0.810649748641887	-1.70783884549272	-0.169332167646552
2.04997049424849	1.02145773748226	-1.23515508356652	-1.06125255334994	-1.09640728584911
0.0932986169618807	0.899063687903039	-1.4479821696157	-0.245338966034406	-1.0136249620198
-1.58557508994459	-0.130722502703749	0.0268405528662695	-0.715593694174772	0.612932990797865
0.101262012015198	-0.159506284801981	-1.03213665589157	0.20140275946361	0.688072934264927
0.0737526043688558	0.172136730937858	-0.977586696835098	-0.44302235431404	0.10564898662595
0.298434268989204	-0.155455746694156	0.516401830359282	0.608714134125302	1.08697492138553
-0.293635656222514	-0.412063304170906	0.228892797102094	0.248086425959604	-0.925112777394303
0.582850994368478	0.0129129327196343	-1.44238771008167	0.698502052178037	-0.551195081003811
-0.419427566520584	0.855125710284738	0.645574358939983	0.391909105238494	-0.703151606484471
-0.90698788600036	0.248521091829685	0.232206665161473	-1.71930355311968	-0.586086854463172
1.86002346686164	-0.398105040042526	-1.40291602840755	-0.366968851945442	1.13050005940446
0.888441868958079	-0.0667744135615956	0.50328106652432	0.532271184997786	0.14761881170817
0.56859179833008	-1.18477466204086	-1.22879986573076	-0.038409063189653	0.627666690173396
-0.428745232736993	1.04132196341102	0.400208403115895	-0.535990408741175	-0.264285993511779
1.64155175354265	0.385095649112813	-0.51501302448817	-0.305710582263198	1.06660551645736
-0.955268409281355	0.499641944316604	0.337293883055158	0.293207025919315	0.164162245143566
-0.235024680848277	-0.129834677682898	0.125941057278276	0.934297188118836	0.175643535478086
-0.170440667830816	-0.931502222504231	-0.130832286198093	0.191515906850107	-1.47026948933517
-0.443319320451057	1.19290578690134	1.14341145090031	0.197597263499514	0.685077396596226
1.48507030687399	1.35883854014294	0.226501451833909	0.496727009907142	1.84869299387027
-0.425004463533002	-0.489603094637725	-1.38402252427819	-0.28637319873836	-0.989062939019398
1.48400371127987	-0.194791865213725	0.616257190904646	-0.918271191095842	-0.066502640809735
0.00978537097505516	-1.07362300298731	-2.18735507860585	-2.18129661048195	0.502441104286141
-0.846529830923307	-0.932808051687286	-1.87187869664742	0.316898187525455	0.451086475599437
-0.293261209276157	-1.1077119786477	-1.7190403207443	-1.1088550522473	0.837314885277352
-1.34233056502489	-0.171808723826047	-0.485251052391016	-0.240889461473836	0.856293443448984
0.031401585667019	0.416515240247097	0.3192452187128	-1.00316212982936	-0.263420525421812
-0.237529839361359	0.755428876486303	-0.262762677542647	-0.075628842742068	0.119914513412514
-0.233987608988853	-0.00518997737846819	0.189260467500967	-0.098150736072229	-0.291266957608684
0.399557518451865	0.453893064790622	-0.006902303814885	0.922090820183616	1.2433704041681
1.05405425999073	0.308736715180174	0.546076690319146	-0.0984242627447849	-0.965471350490126
-0.222154245884367	0.627373362956957	-0.154865472159737	0.31432841804365	1.93839049336469
0.490084999157551	-1.53800091111173	0.875844307847322	1.56516096763664	0.329593826081066
2.04612954429537	0.927335844841148	-1.32197962603123	2.45495801517649	0.580975181035653
-0.214592388130569	0.0303557729251578	0.694743750407842	-0.0254263146816215	-0.0270180834158302
0.233278001155416	0.694005321331297	0.124420406353711	-0.733501133973577	-0.172324358206758
-0.92374107117347	-1.39995544635397	0.487900604199535	2.03199327944709	-0.385170816817064
0.165435757050955	1.44613889092112	-0.316429479902449	-0.856724132651519	-0.200630693965347
-0.717003998163496	-0.282217007259611	-0.218774367220184	1.36312028075197	0.97696769740576
0.539744718759488	1.38630345893428	-0.592712664480388	-1.02385854174802	-0.0260214970763215
-0.589758686670353	-0.0234136985582717	0.69887373911208	-0.295009038049295	1.69290430203407
-0.85683737535393	-0.315024473180453	-0.762951702673456	-0.692182284641829	-0.239538577652447
-1.6027622040737	0.875003956636676	0.483178155165561	-1.41620000560661	-1.19113112025172
-1.09568761682771	0.479689512024367	0.880810484360856	-0.180171454590464	-1.62914429504084
-0.842798617268733	0.516120746685535	-1.43650872335131	-1.01695305289501	0.557501926614034
-0.416306429010262	-0.701485172076779	-0.140882792621901	-1.65965203364188	0.24844013332422
-0.362692599460374	1.20722521514351	-0.256848514915002	-0.764421822413841	0.175154666882626
0.928634026396829	0.160933953636966	-0.15483182941057	-0.431751917661685	0.0752342738141168
1.18047949721125	-1.24310376516001	0.791963914223184	-0.430495779725058	-0.788842274351609
-0.165932540967144	-0.725181840880193	0.68137173721743	-0.57074483195629	1.17750589839838
-0.0573965676829825	1.63675404331296	-1.80353471614033	1.02148616562576	0.355690354107766
0.0443304202183431	0.482165198613352	-0.387638238453235	-2.11129105105553	0.900073819586047
1.41405797419176	-0.739325820218188	-0.300643863473742	-0.893188660243548	-2.5034201705872
-1.23436521124455	-0.497621519470871	-2.06236491023838	0.736100868851717	1.17850094148113
0.0490317895473779	-1.10377555694913	0.163912112171686	-1.92211815334345	-1.08602289362544
-0.502268467129419	0.138510612109515	-1.12923223973098	0.963926834918684	-1.18457215827323
1.23831533797832	-0.0886122166486733	1.36840442914631	0.408881291647452	-0.679883820477203
-0.830131402146005	0.802051197769588	-0.248724689423771	-0.494479878797813	1.10098089535702
2.25935060362906	-0.580920465369835	0.197387132110472	-2.03659942944333	-2.3744373172066
-0.439230457531347	-0.374238326239472	-0.579843651626709	1.06383967878524	0.262545838312075
-0.255882239579592	-1.11958203610967	1.11869901618834	0.445588824112656	-0.0848292816201757
0.991082956690801	-0.190291724066192	-1.23949601683803	-0.467710987717991	2.2370342694753
-0.602266203818786	0.423573064491542	0.139433422989819	-0.779169526742657	-0.108931945024354
0.627757686710789	1.97918523313364	-1.51056853376109	-1.66886400255962	1.15708442064789
-1.37103727181544	0.715614767144708	0.0712367148046689	-1.10225590808737	-0.290531087191303
0.00900823029625736	-1.44136521488576	1.80405551386297	-1.13661866372631	-0.311668214982647
-0.964395581418575	-2.26096317066281	-0.605038876805357	-0.148120901987777	1.54104791318142
1.62021917132891	0.138437674427644	-0.071782567812749	-1.11186712699971	-0.00610028669254579
0.685470258206233	0.753014184045462	0.986701703152538	-0.820779143708771	0.896601819208151
0.219132603610301	-0.504553483346466	-0.397509744307906	-1.32107103140354	-0.0153733605132173
-2.11806306741036	0.695165487107776	1.38826372959538	-0.0599224839217262	-1.28455412644555
0.450518292474015	-2.49895770383724	-0.593746257874413	-0.487414644381849	0.0639519536821
0.834744387864362	0.0490744765253986	-0.901054284337498	0.270168126937931	-1.11398440915855
0.289166434019745	-1.33686241612874	1.09679332474354	0.0591664748313213	-1.29549470527712
-0.804116424781187	1.04463091822097	1.09327261852564	0.347243577539674	1.18960087099174
-0.307330459801731	1.73104383393566	1.01426014959819	1.58790678424542	1.64415349616615
0.817987538903287	-1.36153775112011	-1.18388254209646	0.835343449693346	-0.559876064776773
-0.0502775005927358	-0.0185934314652543	-0.139845185771484	-0.352018580748691	-0.114994794572294
0.752793549873367	-0.815953076178851	0.757538531879006	0.382772431628589	-0.111045349651391
2.54312141355988	-0.523816584038044	0.00890810658818108	0.281962711733663	0.4161013497063
0.9095933517255	-0.564776344258104	0.648082528718441	-0.858124880730091	-0.14695596933379
-0.0186580980781897	1.05885875958031	-0.084508503747643	1.09490614871445	1.23490512391953
1.31771976425473	0.475312271361374	1.86426331527212	0.78700782841856	-0.436873237210091
0.815482569607455	-1.71772415002729	-0.388689066244814	-0.797619810307729	0.123643185616029
-1.88951506268119	-0.338665713122017	1.09017520688627	0.427005860597383	-0.581113448131586
-1.3520931723266	-1.48906823891664	-0.277409911776593	-0.109407670178524	-1.22082303978973
0.144227458448826	-0.369631668561708	0.376935068879112	-0.832981980871956	-0.699752727677
-0.0627543508475931	0.485151196510685	0.142030981761247	1.40188420774717	-0.408175605106361
0.276377789060059	0.47710545489621	-0.0756966347539906	-1.46840810788951	-1.11540106068178
0.248155038101771	0.418230224393228	0.326431589141119	0.434804853171547	1.26964770093886
0.310174029247593	-0.962875661456406	-0.0669210091983282	1.09580724197461	0.479917538970034
-0.629657621770616	-0.120605000497915	-1.64850619238139	-1.68778328976009	-0.285601508139502
-0.235450384413893	-0.178324503901316	-0.588208809029017	-1.14591528787608	0.293723786036709
-0.243432073656493	-0.235135581565249	-0.254825080149159	-0.188247573766504	1.39478684192229
1.95358259870035	-2.52852865821865	-0.169894390220177	-0.482294800686716	-0.957296377546854
0.827936712277886	-1.12492303947156	-1.09584114398973	-0.652391950792093	0.472045689061888
0.753302699950664	0.273286579506731	-2.13358112800769	-0.0137307534221405	-0.999196861897749
0.796034679439055	-0.536571367549818	0.672545444333795	-1.21580435633907	0.149150431415135
-0.169174640923974	1.18498012522097	-0.371405093446392	0.726603813478935	0.802631917881068
1.09242517293095	1.24012593622189	-0.75652513308605	-0.679625972828642	0.828852041104974
0.563041725618639	-1.88850053573173	-0.0146453905472147	-0.254904560478466	-0.714458647300498
0.592047311790621	0.918454825896267	-0.0656588233893394	0.503570680542064	-0.68266321996764
-0.992142712786767	0.639277367330825	-0.299506117614005	0.28505117235218	0.299801831015871
1.36646621883586	0.511791056702505	1.19425812266499	-0.448151247416446	1.36634445068735
-0.994398313355761	1.78250443663206	-0.302927485015382	-0.283402027150144	-1.30748724525124
-0.0356070263303116	1.27415992053543	0.722233528531236	-0.00662221889928006	-1.53063613493955
0.489657001095989	0.780693685689379	0.382119344649904	-0.10456463856172	0.169839257193322
-0.373388404238407	0.064360661530461	0.369875389746369	0.120700535453275	0.535031020795998
0.777409590053752	0.279295417660388	2.17054234511802	1.06853289186037	0.976724257262674
-1.61059708463891	1.29038350913635	0.78029618816643	-1.04962122147509	-0.469372955853958
0.823902678847375	-2.37818634750266	-3.17174513574757	-0.335146150627091	-1.01287527330614
0.892193661712913	-1.17904378223071	-0.435249818669152	-2.11227274435865	0.374793820169066
-0.155808673791838	-2.42161431792685	0.521603212465532	0.120978450759811	-1.29027447617264
0.84763106853514	2.31925164039209	0.256131153790299	-0.602861556642948	0.505290760156376
-2.07554567991702	1.22528813260039	0.1502412107241	-0.682746207013527	-0.182673486495031
-1.58056908262831	0.175140376509235	-0.603998297773826	1.31446793370735	1.08812981541178
-0.22548450076558	1.41428660883103	0.0433771372966353	0.690178957618324	-1.25949140573097
-0.591642153321904	-0.681497209005839	1.65485235919934	0.105789757245758	-0.861412233699046
0.607640090097377	0.744375644349569	2.28103365764705	0.659314864243453	-0.38772122590039
-0.678268304918681	0.746611413776804	-0.9487571727465	-1.2493317764217	1.57688904359705
0.0328910054982962	-0.0194167226147584	-0.51843298497867	1.33711847243524	0.197349317772357
0.141881128317896	-0.378287827476192	-0.578516587419597	0.433801402564366	-1.138701697405
0.95413991984871	-1.30829583300061	1.17388597918136	0.747936030400393	-0.68442678406687
-0.706773428316969	0.656860220074935	-0.470928475177611	0.944780007900695	-0.26673053891003
-0.0208767839674778	0.823424741640069	-0.756074489122476	-1.2590614684654	-0.992163242206537
-0.352190114181087	-0.234904951152033	1.37304506637065	0.198382886521799	-0.116181041590295
-1.79230536913733	-0.283387326131062	0.219556965780374	-1.01459138733633	-0.923968322529629
1.62085253954401	0.281075339935522	-2.40663496999357	-2.50379906209986	1.24052419323173
0.149673952598084	-0.313266919033186	0.667247620611381	-2.2185233492516	0.0532874856557723
-0.791978609812371	0.682324052009758	-0.207108494232312	-0.919810963190771	0.206790301634145
-1.21658662153832	0.0929257853899533	-0.224337406909781	-0.286379228747944	0.29641559807889
-0.904799600413275	0.47379513603524	0.157093958398908	-0.551473447871293	-0.296979085595425
-0.966046752858811	0.978226851670386	0.877974890733344	-0.491397694655456	0.484392491112131
0.679241605853486	0.016061353667079	1.21861213041459	-1.54166233751063	1.99002195911345
-1.12169332947717	-0.769832063263828	-0.0261143324532819	-0.102717855637436	1.13584151272089
-1.09972088203241	-0.503749701694572	-0.308386079516975	-0.151013338469923	-0.573706268370408
1.62085255545296	-0.936344627206263	-1.07400816318392	-0.299096605928892	-0.807812021194516
-0.136271514745976	1.34127364466556	0.816405657595386	-1.07974452531412	-0.464188386597913
0.653116956589923	0.8405995342513	1.27496932588726	-1.51545143094235	-0.052449241292091
0.810392301917836	-0.915278187885016	-0.814112545688758	1.04892637150774	-2.53301538735043
7.74748074966341e-06	1.56788401890733	0.956581338991085	-1.00482099561106	-1.30650697514325
-0.221284571817023	0.546633933893717	-0.134414784881916	0.109184571389108	-1.45784330092125
-0.92181608076232	-1.03071818210199	-1.11441538202214	-0.119867533802416	0.317511903497809
-1.00975593003174	-0.104744249900081	-0.0685926399595594	-0.158447297831837	-1.81712209068751
1.01316451291206	-0.270228040376344	-0.631268477001397	-2.28300295524374	0.533123463063248
-0.642374889036588	0.608223357986117	-0.909624612333395	0.725810960826444	0.652384905527312
0.982358902684666	0.197583076486655	0.866327374888695	2.10512082473563	-0.755467361129935
0.392576386855712	1.58846631460207	-2.25137802574368	0.0785887761262377	-1.13591450877979
0.128665946789647	1.00916714288924	-1.39985137738702	0.309042756172815	-0.737023059290006
0.746284916118623	-1.39664027774598	-1.17471983435203	2.76177422389463	0.40661109239797
1.29190589406053	-0.63850387531258	-0.636474512971112	0.502585233206518	-1.29508437692864
0.907118169508267	-0.811367855937129	0.105390514335072	-0.568602630567618	0.416967768426597
0.311963258696797	0.476490901855703	-0.907650916344619	1.29865795872586	-0.323487049259118
1.10937808065716	1.15959935295018	1.24761758290893	-1.19748818091417	0.258041701599265
-2.50458527202536	0.0453303169196675	-0.379656960191731	-1.0922379786662	-1.94907804522326
-1.36897106547321	-0.019146038036514	1.68192313433765	0.739484944772206	-1.01718609139239
-1.31031085884472	-0.355686978438268	0.329376357055481	-0.572075687330283	-0.998572381198303
-0.58565943102714	-0.260433951168792	-0.82373983750788	0.400067016900903	0.319553404976232
1.00478908236983	0.00588902340476498	-0.966037980817502	0.155932662649636	-0.402100273668284
2.28821720114704	1.32258814387012	0.753988888765671	-0.128798975559228	1.43922551925235
-0.206272568534638	-0.0846446721314186	-1.68009798511701	-1.48817156580038	0.180472732833281
0.152177874752115	0.823718969449976	-0.878458019674436	-1.64677646748064	-0.265024341322131
-0.523392065476013	0.308493546474299	-0.880367281930178	1.08749762002204	-0.767003267910452
1.8509665158098	0.453451045456781	-0.172816367328915	1.31899423727078	-0.464304660440141
-0.194017409239125	-1.54526414609881	0.500584990187691	-0.0633231416271446	0.125477750302869
-0.872423845296646	0.472626537921824	-0.0469312477331601	-0.881443449088659	-1.09176640147486
1.0196127327287	-0.807061761122026	-1.24186064906775	0.68327461711016	-0.19184722629375
0.697117655244275	-1.24174197081677	0.0681164745245232	-0.811182140907371	-0.534063735199129
0.988913421590205	-0.438696061379585	0.195750084131115	-0.899933292093367	-0.665170086518994
0.210478626575706	-2.21616157189058	-0.206914604856808	1.00612690150641	0.842103970770664
0.0114753493114257	-0.898828362219619	0.773026608566685	1.00211070401318	-1.91869857990065
0.503759123547953	0.430636351472657	-1.45480159700216	1.70433722072479	1.49955236195436
0.0796038353025618	2.09752464900075	-1.62573752665608	-0.401700911538098	-0.625836066129284
0.620204458813504	1.03245135358133	-0.926851057777362	-0.208973412147252	0.052679412696463
0.699387490722396	0.650703588695889	0.792733140585055	0.967929564222363	-1.85469954935851
0.130193774349304	1.01244733718588	-1.17301469292031	-0.155701336490214	-0.033652933252775
-1.74522421388108	-1.41058577180344	0.388883376565341	0.44587308076954	0.354590183477793
0.263106045587572	1.25700399118968	-1.77881063176152	0.637878869740383	-0.0247911052846154
-0.361003560018037	0.400207371105245	-0.272731110352798	1.14712939645779	-0.155979447888358
-1.90976716834118	0.466987332176038	1.82811888850826	0.267287932309999	-2.80681504395223
-0.168164137443944	0.557818663438499	-0.476769886982133	2.58062851679633	-0.947011402779446
-0.182072909102409	-0.383326765258772	-0.6787369876034	-2.00320805941881	-0.169554893109907
-2.82835044274229	1.49141402730858	0.97646342566225	1.51930901661543	2.14121233814508
-0.308489700621057	-1.0525893502018	-1.02225452018406	-2.92745538975608	-1.26170903013536
-1.14339395958203	0.110663163251151	1.1564393555062	-0.835870730675923	-1.30987702347339
0.222685541835595	-0.936240851867469	0.0669083890071737	-0.373299227221662	0.393672359485978
0.320397938704564	-1.45427435733508	-2.29973656645755	-0.627222589354208	0.478773343927497
-1.2008077267893	-0.653843376426809	-0.680903507420975	-0.633009981522395	2.26675519260316
1.99245126210742	-1.41535258398381	0.879132274713584	-0.192102156812555	0.660992962420595
-0.951605445475649	-0.511757540817229	1.43955214471617	1.06114632675427	-0.783614404996909
0.206361377131623	1.27372525804051	0.820366796287531	-0.321110439870724	0.797529471169653
0.834484494453395	-0.548896335766616	-0.0154651061981699	-0.38636432169259	1.24455139674568
1.73088035532847	-0.572668842104908	0.628644486589728	0.840827269871097	1.0330595231969
-0.405520106798784	-0.23216462154754	0.984439318367589	-0.985170210090859	0.139523677587034
1.1731025659671	-0.993236825254965	0.932052029618958	0.0507675953442237	-1.00196617838507
-1.52165868974966	0.139370551098053	0.135658782262466	1.07727802909914	-0.419180736752177
0.655109791097514	0.929868129973101	-0.467156902467193	-0.403191259643554	-0.639317018388596
-0.606639563556954	0.336696890316809	-0.564475868221259	-0.388481911840874	1.16231081029185
0.356557493905626	0.142804513580667	-0.0897008638528434	-1.25423047315339	-1.09829078326298
-0.157521496736672	0.934875104758893	-0.682887338073255	-0.446584318323456	0.245842987429535
-0.943167105344525	0.458326260587322	0.113090744058723	0.67050583473007	0.603434180586065
-0.263165368116838	0.100382455371727	0.177708713708428	-0.0506158875819508	0.34547499636057
-0.351808288768074	0.245636290711011	0.169193221912256	0.456442625237533	-1.00476885816905
-0.898173407345758	-2.43538314093598	0.448408495154488	0.532599375902801	-0.496664684922783
-1.19221879955682	1.50439261495817	-0.175278982921555	-2.1251262083326	0.197253013470297
1.50380445017605	-0.406942503945145	-0.691243372108432	0.539193616129983	-0.649188037474935
-0.463677627452231	1.24004454389608	-0.129412216749367	-0.317268853441103	-0.935916377596958
0.535854008616613	-0.775602157888742	0.56558036519561	-0.868161553385502	0.656809813039509
-1.49465181647457	1.56595882518905	0.117208389985193	0.857149060871266	-1.32871691877868
-0.967704403045413	-0.0514527680471575	0.462049004375521	1.48184384762534	-1.51510667618682
-0.341012031490431	0.891548873759988	-1.33776839475735	-0.161956528877171	2.19277394724723
0.991080466313232	0.874204938265825	-0.683267712925888	-1.0488006990158	-1.23356397194054
1.85461383841902	0.958731064329339	0.312614587553212	1.73185998020349	2.13687730481135
1.21127478755423	-1.16480965476975	0.373810084372128	-0.188302314364123	-1.07673846113179
-0.801870088317382	-1.05023589923138	-0.22010791535396	-0.493317677728709	0.0926128636133055
-0.589760891704958	-1.90991146037139	-0.256439360063558	0.0626001488562128	0.619537784730282
-0.500311116274232	-0.121465639853446	-0.0844486913216915	-0.295055431811125	0.457331675448483
0.119074208883859	2.34894641637917	0.746146071008774	0.149279945438036	0.550287867232867
-0.74876841410238	-0.324785086278616	-0.683920089266462	0.0609182754235191	0.483334542329532
-1.89635456182579	1.14082286804019	-0.0548646797060438	-0.430389959486842	1.93833537284536
0.669457736390895	-0.302317038306808	0.863628119921707	0.830576379966703	-2.04137362842954
1.50252641729013	-1.20804525679642	-0.27274568204831	-1.29619059808304	-0.809994098766741
0.497997075091723	-2.16905064378656	-0.389186751961323	0.42514364845867	-0.582003481491325
-0.559024376769814	-1.35065261660948	-1.02700174442941	-2.0115535892743	-0.647926348059853
0.551502649003778	0.913839477564326	0.0144259619126113	2.4879414731075	0.110720865235798
-0.817160529405623	0.583874543831787	-0.373680906545954	-2.1326622436348	-0.316144262108132
1.12326521746445	-1.35160398225801	-0.154617292684585	1.24386001306639	-1.53511982769051
-0.595137009615412	-0.313949065900892	1.57390163132438	-0.689639558238739	-0.160975699797677
-0.181183135873963	-0.201010023507063	0.404471773849107	-0.721859140656079	-0.823954495605511
-0.65983459098339	-1.32025532052351	-2.92694555115308	-0.419057923826637	1.1076625371768
1.47434786515693	0.569951395255669	1.30419154259133	-0.180613608059306	0.853700380828177
1.14901705269213	0.811464797464812	1.24401605993563	-0.458649406070245	-1.14424003054349
-1.21363676080535	1.59274101732623	1.0427461747763	-0.313795772024332	0.898573254992093
0.306074711409325	-0.706907835409987	-0.744426398044815	-2.212059834621	-0.0993081286280302
1.51600513412785	1.07012797946372	-0.213162754918776	-0.373934382266038	-1.42168793641715
-0.338951398446872	0.795138378187489	-0.189497194790864	0.42050790930678	1.66441816474689
-0.779777951440589	-0.136038696472916	0.567709495985846	-0.909206994623341	0.793878292725171
-1.12848959842494	-0.475692436868627	-1.49264503439399	-0.413030181910721	0.30860152531633
1.06204023101223	-0.0122012547872056	1.16981700104278	-0.357309249046073	0.655088374013429
0.158267376376527	-0.389753337033519	1.43854881023	-0.265462969044934	1.941847343061
-0.703994660122148	0.50518966350382	0.852741507322197	-0.951808859548857	-1.17009590773085
-0.575019311112483	-0.0468181027239706	1.32508621916815	1.18283583612662	-1.08183189464429
-0.04347175799542	0.955047628695927	-0.270297781555567	-1.17264129469779	0.930803740257468
-2.20162942180746	-0.906506641927644	2.34731521702151	-0.644876698585853	0.105941920863798
-0.0388473723584287	-0.0203015225911361	-1.04606328343477	-1.05612368313284	-0.564320364422865
0.844484094945557	-1.28649381788277	0.113595686619473	2.0225366251425	-1.20652594223224
-0.54844165611399	0.054705938866039	1.46083355240054	-0.649869599869582	-2.87128292061942
-0.858485114490559	0.227834342054791	0.269699157932624	-1.54499678377199	-0.691998943553658
-0.422384464943272	1.29603506974866	0.25363417675221	0.649150998424974	-0.125604761679326
-0.256204216166589	-0.354430544681695	-0.47916656505985	-1.17812668259488	1.17335540092568
2.40126547989836	-0.474423731775932	-0.732589681226997	0.779524708533604	-1.17310790306913
0.365403300166147	-0.536585320086297	0.670290384573804	0.716619384013174	0.482258988215123
0.887393129405902	-0.283646484140652	0.956914888158658	1.9539212252121	0.121375898660636
-0.811184647846324	1.20296216022922	-1.20543713318488	-0.478849393229515	-1.58084727527581
-0.199769774117208	-0.139987516889473	0.859244733221355	-2.43884441967013	-0.114159474538858
0.0839730501312289	1.5252773615126	1.04279863863289	0.17834697857583	-1.93718706736687
-0.317993521916893	1.31525243189627	-1.57610041152634	1.04348033907384	0.4657178197705
0.284977756158125	-2.14086082614001	1.54337142041707	0.466187504158716	-0.317769185911977
0.95154906031684	0.26245382949489	-0.299277000045658	0.279310725154803	1.32156120983663
1.07268625822078	0.738592729544832	0.510725593394871	-0.569515777251888	1.32962515607365
1.90060790058178	-0.659288827623727	-0.596992209840565	0.604638492582433	-0.823176511513494
-0.653500981214161	0.706622488123077	0.583767773950168	0.468378617847523	-0.638290600379623
-1.41350565132227	0.0370326231138364	-0.611367957893085	-0.345648222594606	1.62550909390463
-0.138030904426739	-1.11164510217876	0.483790863418723	-0.769528264961463	-0.479529077798534
0.506884902208257	-1.44886122006189	-0.560617359542127	-0.29657485221305	0.859669628480473
0.302085456406977	0.529607623734644	0.539089197042284	-0.916923716647803	-0.0398614047453874
0.0174476480348206	2.12417610437431	0.882834344828599	0.419025196225224	-0.71881880175971
0.963654387620792	-0.315481019640588	-0.375631244497698	1.17476807992477	0.716220754468613
-1.84908483863014	-0.264310015833025	0.211313384467275	-2.23344862519337	1.03893186098485
0.5919652011359	0.677843067138495	0.690115766931729	0.0658051276342278	0.732522921913276
0.0994226392556952	-0.862895895799965	-1.32942360394371	0.465927337018247	-0.768993112846593
-1.69051607687541	0.242045781735521	0.795702499559806	-1.57647782163054	1.22362344177193
-0.418926344186686	0.198911761490513	1.8903094120711	0.426841466102376	1.38961411239458
1.13242034820682	0.286788157505453	-0.917816555510628	-1.03400049963711	-0.733055773580792
-0.309245463991101	-0.301420401584907	-0.813049745995103	-0.514869570791455	-0.775883521355926
0.646688188637022	-1.08716595491286	1.11785126138171	0.191836735285127	0.353506591758642
0.117812206817783	1.130022494041	0.0913450550405346	0.59647054325099	-0.90104452442126
-1.45649674183317	-1.60709259323253	-0.105468106587572	-1.09415815341691	0.434489245306435
1.04638981638288	1.50270177306613	0.00358113382600629	-0.309860306245693	0.970242416304467
-0.0619228663134999	-1.42765843642699	-0.0473696366524845	0.742525913444399	0.307931395380258
0.769868054703657	0.979423772067089	1.13312047727123	-0.106893381486725	0.223173328587256
0.815182223520408	-0.874729590763224	-0.317202112079865	1.61941942610726	1.18145274290249
-1.78299607584721	-0.65138447233888	0.269375427464818	0.437346498466865	-0.875262007612846
-0.23511651792357	0.965719540345265	-1.71283106951519	0.610951081721293	0.173009635690073
1.49183888481423	-1.18687652457513	1.67285068956839	-0.821273843330474	-0.243178784542243
-2.07398717508897	0.291382468695405	0.435472735329592	-0.668898580698515	0.183668437213201
-0.609258942333514	0.384007782325906	-0.0960628065063329	-1.98691184823319	-0.265605441179956
1.21112947948404	1.20167113507389	-0.747333595609987	-0.935235546039524	-0.261154609299837
0.150275768486923	0.735999883091413	-0.412653833592725	2.24892161453004	0.206332416347362
0.168123601685308	-0.537672405034105	-0.108039366896912	1.00210648467026	0.144860774500308
0.122264879801399	-0.115087844236936	-2.28185412562535	-0.686751467900291	-0.158031040502807
0.10499134927973	0.0922425046929528	0.0890148551488518	-0.362109860853497	1.06981693996564
-1.19201404926996	0.389735317774533	-0.414316937671194	-0.598748200177796	0.719963270046524
-0.788467617186706	0.328836850524843	-0.077087312299591	0.567727034005335	-2.41920476631769
-0.0149929866533725	0.217823044983485	-0.08223184875399	-0.0744392815270805	-0.0259860278302742
0.950127156892506	0.188144657663263	-1.56135077567633	-0.225663535016559	-0.48655778500904
0.369295509926165	-0.807298184235571	-1.47798280792515	-0.77896934199004	0.907867146641875
-1.5425240566011	-0.27779081415996	0.125808907983775	1.15215985294351	0.554924140995999
-1.01589336086228	0.388650662753456	0.315838415942833	-0.00700592477045057	-0.343128356799367
0.817946054841466	0.144620278780646	0.160079076695343	-0.530394115223559	-1.11188812213111
-0.732875762287871	0.63775432942507	-0.63706760686963	0.255633245279117	0.940011525389898
-0.666152980029453	-0.565017775023244	-0.415053078250729	-0.634891437099142	1.96201505860344
1.19133126562671	0.242096670737787	-0.046041685623746	0.0876382730317439	-0.705498622207052
-0.284610400015589	1.10222855265058	0.539844913113406	0.431303393819622	0.651922527596594
0.313233205862055	1.61376631076404	-1.11020066451097	0.154629868097775	0.403516582439555
1.55614826441156	0.347021412091577	0.669536153170882	1.50558223091796	0.810632614223388
-1.12437629183882	0.773825614666581	-0.868862117720424	0.0403623681897235	0.483042739826108
-0.120277695227195	0.426101944423509	-0.228115702349438	-0.0923865037078671	0.990143064028104
1.5842193966639	-1.85076609253966	0.404150662823571	-0.721752572827443	-1.28077134268878
-0.536241978804887	0.0540632919615632	1.284016489475	0.730875231811678	-1.47164295266022
-1.55502573053564	0.718768174161931	-0.186480410286732	1.21622442636687	-0.710634687757318
-0.213595681482734	-0.167932952039442	1.80683996437522	-0.197684694382095	-0.290232171525503
-0.350959260651169	-0.0794975270159867	0.469091439360604	-0.400743461600953	0.76745942074885
-1.70337484338259	-0.329601588390294	-0.326205068583706	-2.04113282607495	-1.23300961969027
-0.396832365128328	0.189811220624789	-0.650856640749813	1.12683982642802	0.614905193672532
-0.145297635469823	-0.0137560643819458	0.977132036707559	-0.493952123907932	1.48277837961207
0.859384665351836	-0.0029595500906116	-0.257028142327479	1.01408838422166	-0.0515853102576324
-3.13935516424214	1.66504335805424	0.806379170751702	0.301349288639296	1.17155910157068
0.506170340036013	0.0979958178072968	1.3822912287045	2.50961430946109	0.281475191238617
0.43642967347984	-0.782386819726092	0.862772522012132	1.40729188631793	-1.67730453767254
-0.194197528792631	-0.931040427724261	-0.980463809078278	1.69138455506248	2.63597594476034
-0.54577300835352	0.251303036339306	0.275744428701695	0.452125622121745	-0.358279544909738
-1.11452422856662	-1.19099570409748	1.66160452928411	1.27981587049874	-0.133072228719869
-0.166676025421113	1.01856080025222	0.0721090671350004	0.724375156991818	-1.71612986408346
-0.217429097637028	-1.93356241084288	0.285964369538662	0.283095992109009	0.612733273851147
2.35390090937093	0.158327604589591	-0.800068612874452	2.08236306682011	-0.344645157358898
-0.00851108276520754	1.57193530679627	1.59736361766875	-1.49312769819007	0.363032093101639
0.378662703124231	0.146867131410497	-0.868936494360686	1.13404859686382	1.82042751893788
1.27331439948568	-1.55459636274091	-0.412521251668251	0.504933492668398	0.437201764117176
0.293441100467222	-0.0153090758314085	0.162016772418473	-0.0923590924469814	-0.898941004702102
0.325004390175714	0.159301717103698	-0.53000351637323	0.693160982855922	-0.479686233236641
-0.1065466436464	-0.762853321603196	-1.21112932669596	-0.831299827573492	-0.253385655894009
0.801545105345961	-1.43665206862264	0.917461555214043	-0.183563449203112	0.676008561389928
-0.665696589400488	0.0567578949020786	-0.770895922391788	-0.391184601471085	-1.02296445320976
-0.841494836479499	0.251129993201112	-0.0920493715147847	-0.320040390552334	1.71149485599993
0.0614634243506046	-1.08203397827065	-0.258752570235062	0.982010632443628	-0.412257243297443
0.0903957865285051	0.982843905497072	0.693655628557231	-1.30428558235168	-1.23107217821353
1.24206745962858	0.00887290684073992	-0.0935225021210534	2.02260377989681	1.1184264658728
0.605048951179512	0.0923349543758481	0.423387603058928	-1.17556295358829	-1.66268792999733
0.014108424650428	-2.47097765053062	-0.0139825747859745	-1.41137353430604	-0.148735804815094
-0.155770254432539	-0.639121273812491	-0.348998220994281	-0.844535210979676	-0.553912242593313
-0.504319278293974	0.57691716585969	-0.732112500358641	1.88446921309049	-2.0034346381744
-0.0409596472235228	-0.339571487069622	-0.558507746653459	-2.23400217533118	0.887614146886986
2.14148487930528	0.419322120092886	1.96356767540397	0.438728715733624	0.471755233611049
0.549694556169023	-1.22204716013608	1.40785765105168	-1.29433583614471	1.78236803665711
0.459010174535897	1.65092331552671	-0.258367900845936	0.447835622403002	0.505228036491295
0.759924425248231	-0.0189503588829848	0.697708776589976	0.844847560638849	-0.218804845454904
0.516759934059237	1.6072739199076	0.765819255370958	-0.234030335374329	0.344450356167545
0.413521051514503	-0.30001449013183	-1.10909752344875	1.30953976135273	0.31931904374162
-2.21467950352898	1.43307373451216	1.26800564446614	-0.765152781511004	0.190441662148553
-1.48278661500036	0.622462181845973	0.53279307680671	-1.0054924722049	0.686014278927405
-1.26700634339454	-0.432580199531077	1.35872040434138	1.44145280285629	0.705117715679271
-1.55884686662224	-0.57847978792325	-0.378968133439636	-1.09373451435878	-0.781091587438062
-0.424379362643721	-0.590868328183167	-1.02322526852349	0.60342607888782	0.741857048202191
-0.333257886351593	0.593963808916375	0.310403730310455	-1.3449859278935	1.04997881044477
-1.37738636766825	-0.779632145678193	0.744267288985116	2.57170325483363	-1.62908991538527
-0.976361622140333	0.565242541501893	0.683216814411187	-0.337664306825683	-0.456829247010557
-0.0184842021835173	-1.84832885416169	-0.727466106711047	-0.848810214494408	-2.55648401220803
0.810833960219792	0.441409969725732	0.13810723854019	-0.064773467825734	0.0708976869645368
0.60257648524532	0.757490225455245	-1.32806276081737	1.47263144992902	-0.646148689983867
0.0018653651935464	0.135987576466585	0.239324250212738	-1.16626254357311	1.35907346142758
-0.314539314377485	-0.416214602133808	-1.10328748515679	0.180493196450656	0.351470757338411
-0.284151825309774	2.02102925527482	0.287115797335828	0.431634429393411	-1.12077724019975
0.337652704778666	1.95441421886894	-1.56835634258259	0.684449811273087	-0.290556064653866
-0.402315167435915	-2.13226625103121	0.0118314958442414	0.350655833866733	-0.624503032909776
-0.188897890148897	0.0291249920992509	1.17809905208662	1.43927665728717	-0.589401018478306
-0.326095506685648	0.755792366508115	1.51030407005618	-1.14505812941598	-0.35577291429798
0.0674807526709098	-0.874531423751081	-0.197328933278628	1.48969736792333	1.27692761533352
-1.22588946472201	-0.289307824357389	-0.44530075795945	0.385346229282518	-0.49335002133117
-0.767076146891218	-1.12623246874924	1.33498375057749	-1.55463480676529	0.0192323765189791
0.421176144229158	0.791965472391197	-1.14299445216088	-0.13653968061805	0.756571029545993
0.385056710164329	1.28494818021351	-1.59989344126566	-0.0607464426140462	0.575293705891143
-0.538528284860601	-0.683911438608715	-1.15947311613206	0.199763965115274	-0.48502935278055
0.0231028779215125	-1.16831693259729	-0.780240797330023	-0.855360723063972	-0.928399784962835
0.5051144541066	1.38021550435166	4.02376623074657	-1.58822580587174	0.709784315944245
0.0716162434123023	-2.56793591661718	-1.3055267639174	-0.726554413926876	0.439980711614346
-0.30601692718809	1.46402673674876	-0.0410136090213176	0.384716477923096	1.40675246425355
0.621941910141772	0.391627813332812	-1.19649436599468	0.975656455447714	1.20397568546351
-0.911063171189781	-0.64110198032224	0.120484324609653	1.13953962538588	-1.62115264006084
0.137599984062864	1.56151618243905	-0.132411253486707	0.376947708385457	0.310299698605382
-0.550526944339258	-0.206970021098344	0.771871704237266	0.448727512366672	-0.467589690444095
-1.12219568705917	1.38379706453362	-0.105643667456616	1.4473276495153	-0.61254379461549
-0.371499406302622	-1.13440699931437	-0.0724882386093962	-1.00020669705977	0.580733778828655
0.0538163621236989	-1.03277348223463	-0.103332442301354	0.229438520980135	-1.20985978374307
2.77931364239512	-1.01599031432901	-0.702895865719418	0.984291173012915	-1.32259017396596
-0.461825706711572	1.12857783271887	0.890208157727021	-1.72958794778332	-0.154788284235171
2.78984970295444	-0.827622414004323	0.97457250362872	0.795984044006502	0.281695279612461
0.761198435518636	0.0771848771162305	-1.44214603126479	2.02565527273677	0.459860224396293
-0.260042936611325	-0.238898894369059	0.509831272781245	0.841644826488619	-0.873149260762205
0.586506256601852	0.687907727923056	-0.974412757440784	0.205443475047939	1.75109206306641
-0.94144302305008	-1.20456279241349	0.488590737463096	-0.851610852674872	0.0659458502996923
-0.774106210896881	-0.592147162930767	3.27411896414629	-0.631972794604198	0.225155797165684
0.866021939863871	-0.165445738863909	1.31985311046177	1.48798466321405	1.28378110346076
0.306749670770504	-0.724160717502152	0.709812170555278	-0.57490807888675	0.834123354398834
-0.789347147563263	0.65930388207671	-1.51376651469026	-1.3434858761682	1.39501424256336
1.46956636220259	1.16816392609163	-1.32492016133158	-0.454335700741974	1.86274982872508
1.85300327610332	-0.197222270609087	0.0665246594078961	0.26315528848028	-0.149721534427958
-0.505098476779456	0.482915815101785	0.768029576234667	0.151290362934052	-0.373834531480112
0.462114659793494	1.3544376451423	1.04342687754356	0.0700879700571493	0.523739402642041
-0.220471374420852	0.641605820437046	1.79618394320368	-0.753657344725661	2.04700866265284
-1.02095389834921	-0.406692382984612	0.13429566551254	-0.16391938696963	-2.80902378673113
-0.0627873383558987	-0.554032695738342	-2.04633254688698	1.29554116831953	-1.9321636846288
-0.339641338426444	0.577424746106621	1.39302069579095	-1.86540768375009	-0.991949318621068
0.263256248600494	1.01590583045695	0.0238684854591919	1.2651204405066	-0.455005932119884
-1.65224829261558	0.534256560304105	0.450809317308364	-0.12736941354699	0.136692801739236
0.193903641774086	0.724555313629121	-1.6952777551942	1.75693507244198	-0.100864969622423
-1.48640216407675	-0.527538200254616	0.805154746107731	-1.61866425929986	-0.950827664391911
0.851482613573752	-1.93781526982471	2.01087820251293	1.76514885630164	-0.569889828155333
-1.01468978473133	-0.108675654980089	-0.156468255213809	-0.0600853555515375	0.176273536756656
0.687786113402223	-1.8099257613737	-1.66808983447696	1.06884911531057	0.187037260092341
-0.291441815545418	-1.29595278597	-0.228588711221945	0.892398659650006	0.30054503095182
-0.991851532157414	-0.229308934509802	-2.87948736807941	0.86738183609343	-0.480756742390291
-0.724307861950292	-1.0384415865744	-0.24149492337833	-0.695855735613706	1.57117343804014
0.353027241420867	-1.29073943047652	-0.859857724920987	-0.209111313694174	0.837543702026316
-0.710042382781901	1.79295467824646	0.732845596101571	0.16493188479992	-0.38087669030635
-1.61562545619862	0.178646283830441	-1.78583148005464	-0.780393623409276	-0.566190312813867
-0.0658457492066331	-0.865720595649397	0.948193447450817	0.75218059236078	0.304051645690719
-1.10921299214999	-0.789580771892295	0.271698097014287	-0.47520320887251	0.937287757836629
-2.04511235817636	-0.547890909327422	-0.236781740880002	-0.975430338312557	0.658195078657961
-1.1148446725955	-0.366203861525444	0.906194388964095	-0.242796759946271	0.711883816955305
1.06154115140502	-0.835112011983648	-0.52782787797886	0.547244350630938	-0.36543605542486
-0.395735496701248	0.528447037152944	-0.559796741571109	-1.49725515564766	0.780982971601471
-0.22316578807321	1.51472990564849	-0.334629956291912	0.974703520801476	-0.339810627924124
-0.960156337367122	-0.881359168818005	-0.687464385887712	1.12782095398396	0.973885280682633
-0.0241676963774074	0.519353350636552	-1.34744690637784	-0.68900982822086	-0.555497117114167
1.15968889596291	-0.0421690971290665	-0.91342286761145	-0.672107907354592	-1.04234170677824
0.901938723131487	-0.39987989396918	-1.30526927037652	0.77661684501865	-0.138793813275344
1.34537330742731	-0.217455869931942	-0.546389414380074	-0.557956334637061	0.702631785621554
0.876847988121854	-0.749112985701013	0.0539599957291888	-1.4559341241541	1.023888134116
2.74246020331952	-0.252117587323923	-0.357674660714381	1.71045973771659	0.125487613520825
-1.07836547245297	1.87245434701402	-0.616119404645987	-0.0109768553867213	-0.761402375127485
-0.872836450134543	-0.427424938535685	-0.0252317162327358	1.76354084129123	-1.18121276504457
0.17583567407544	-0.556730916614847	1.33281545024665	-1.37614010121662	2.01590454440505
-0.646622603068948	1.15402647568406	1.01489864502009	0.17454669575888	1.68696475598587
0.729695974401391	-0.294532196374506	1.70000371330256	-0.696973527492245	-0.898653628710451
-0.603717394027656	0.650509463367456	0.345301981994545	-1.28254739094795	1.01217855116537
1.59409545894436	1.12878977435436	0.920331166680629	1.58069733327753	-0.967140802209337
-0.864075067383494	0.904030651511237	-1.53771996074622	0.559924924241041	0.529617600191084
-0.0454197040662478	0.734774414849993	-0.136981986799508	-0.123091244690821	0.829279873898422
1.00887544614604	-1.06488797913068	-0.366637505672537	-0.00265340695066157	-1.2858616718232
0.255879355577111	-0.0912966571075885	0.232995491874786	-0.127020542519119	-0.586174077517776
-0.442462472639782	0.424088825472836	0.530611897182229	0.534887019398977	-0.74785030844046
1.19743810766759	-0.145709175797944	-0.914773708681119	0.218288470099072	0.284294026660926
-0.666219467064575	0.880535241235774	0.723590041600971	1.29620366609884	1.11530745729538
-0.385104471407232	0.601466222821191	-0.331066933757198	-1.24318409110987	0.646884616210294
1.29690996240852	-0.458408703461026	-0.530805000850829	-0.392976985153324	0.285771969098864
1.10790252386526	-0.0597935121637891	-0.998230844226552	-0.879423522296691	-0.107256075331715
-0.268040710835523	0.99442703256439	0.873033067312384	0.087844333203794	-1.7590732380232
-2.08731253429474	-0.311774079650527	0.0172144082303963	1.46753398726533	0.167812767680834
1.24567965294672	-0.885746445244227	-0.206589302212704	1.33816333241394	0.50900880755108
-1.75429798326206	0.436893894738036	0.444436575705251	0.969235713040675	-0.453977686623393
-0.979065501091524	1.25063861808324	-2.15436589931655	0.389328696627173	0.136492829514284
1.60719249802969	-1.13610442010221	-0.465319209944042	1.55194221180975	0.550682174813675
-0.42808258316035	-1.34931135640689	-1.5548224204516	0.576852466453816	-0.212550290995723
-0.48174949882811	-0.0253058531749664	0.425783945097579	-1.73261581115759	0.147021193537146
2.18537269666183	-0.4227143984906	-1.073124175114	-0.205390729457308	0.0981162896455188
-1.72577526171463	-0.224036609628583	0.195392303070532	-0.936823681507222	-0.986577541605403
1.05021219292709	1.56362587180183	-0.142522422186025	1.08545845248851	-2.28628379566521
0.916696884264237	-0.670760516904758	0.864962800537926	-0.289757715749218	1.65712115526801
0.480014643758877	1.75369682715575	-0.578129761562594	0.978866718497221	0.255488928287546
0.88535155116986	-0.114625864976064	-0.102880158791916	0.30411077478782	-0.257319691596085
0.527082199236398	0.107461027682702	1.43288235294507	-0.69823394823104	1.38640834927915
-0.406771524064286	-1.45582980103276	1.52700560832025	2.10030166416612	-0.708155273118922
-0.57543904596532	0.393435563705996	1.34204668668226	1.22268837624522	-0.77829668975903
0.750287741401786	1.27443161669992	1.15983631948436	-0.0565246253946869	-0.700894146793897
-0.580799839163514	0.280639060569015	-0.970122195268011	-1.10303354133558	0.927165423574304
0.215076548925756	1.07401340711696	1.56360844653057	-0.647133449207803	-0.385823306455939
-1.06238360326994	0.0879503169507026	0.834190873322429	-0.501447889543461	-1.47034081840957
0.220512193796849	0.527423629083691	1.10865096355484	-0.655339242154374	0.445911256900494
0.291377790222272	-0.322221983970349	1.76845836929284	0.307201842160634	-0.24377527111054
-0.121993671377872	0.564733988937901	-0.539240768801711	1.85880862737834	-1.12032195975457
-0.0910011699997823	-1.50302945669187	2.06461285017346	-1.2993003921808	-0.559034186589743
0.785216240211511	-0.922425048729199	-0.494988915897939	-0.470985361943542	1.40237300053169
0.727302923320345	0.930888297660764	-0.178510326433807	0.959254354075497	-1.25797745936238
0.120224752021022	0.549776539103938	0.0152582519141371	-1.5553704547374	0.608904040796803
-0.233487230529917	-0.541138978047537	0.538582925309466	1.06296257948323	0.0883961902549563
-0.797537422785879	0.513983694886042	-1.05662593950451	-0.531224411654216	-1.01904985479549
1.66815760330759	-0.430058730417348	1.27922418134674	0.383797132677082	1.43205814372869
1.08823032747734	-0.729907129626688	0.0311413079359518	1.06488727642013	0.900770500328308
-0.82916912794798	-1.01956555113695	0.935718101500137	-2.15400050504195	-0.110128184639344
0.760960522983866	-0.644369270755897	-0.564968446179107	-0.515225196525343	0.176152995086316
2.67635960423015	1.14575840167196	-0.326826925283018	0.529100592069049	0.156968879966245
1.60505214250294	-0.596112983886105	-0.589567776854644	-0.597935864740744	-0.0942916765454199
0.073254797109786	0.260320697986628	0.789688998063637	0.0226825058356434	0.934042634070052
-0.0783396079834485	-0.583140875816688	-1.0812208003431	0.0783561658213697	0.119283697501493
0.8870561194275	0.362645001609458	0.224451730882055	0.749012725028743	0.810777495738956
-1.48460866799002	-1.03400690258794	1.55132304105629	0.265700193264676	-0.265325531853131
-1.04255057835312	0.116452845658162	1.51219162741533	-0.502191691350018	1.04327940691613
-0.0513602316902428	0.014469195612175	-0.142773565801764	-0.396494226058833	-0.0381081065066404
-0.040491738280748	0.362585280085943	0.447542339812515	0.67768943066216	-1.34595747313569
-1.64080163965765	-1.84002040078324	-2.47806898149206	-1.28750749254426	-1.7457861671572
-0.00770011791848902	1.39099886398617	0.0225572699060586	-1.7112485866313	0.658346606157024
-0.84632036668568	0.0442578268357608	0.922944709357044	0.278527417773958	0.664916600404874
0.476031346437952	-0.226360973370332	-0.187045219200212	0.180705875717311	0.303851449606023
-0.326846428699665	0.369896308518298	0.018604850479848	-0.976719083365975	0.287980663975324
-0.814152407584876	0.775402518850339	0.315326554665109	-0.203288578964907	0.0758710649635879
0.51652449297936	0.467085217947797	1.21509233482716	-0.975745004951644	-1.22290691505465
-0.941101747756846	-0.254864642798698	-0.451279402835685	2.4100289600979	0.0321871301204459
0.691415967307907	-0.546886856183836	0.0726087174018947	2.22126814280258	0.671473345188588
0.557041284611617	-0.79439610256964	-0.717296545733952	0.389002208582818	0.914993319563198
-0.320843108355462	0.482354244242868	0.807545821501833	0.382458625876608	1.49257624724578
0.317205923414043	-0.0820693246719803	-0.213556863738882	0.699635279371485	0.59759348819481
-0.239996312796843	-0.163844185079062	-0.146813519285316	0.112844869128799	-0.634011978441998
-0.329371524630155	-0.461472090511506	0.674883693267468	1.17448713876105	-0.499495699403846
0.330644250600397	1.00172421689885	0.457134529373746	0.18064488080011	-0.950065215542316
0.956800162429587	-0.489106028528742	-0.0522178390233714	0.191475285745839	-0.9857160543384
0.339197122382209	-1.16708615059307	0.698669773294577	0.0174550867313362	0.883106097014926
-2.53521889992098	-1.61984410302002	-0.150642073604009	-0.611736418258448	0.192588054816481
0.0336406208248463	-0.438889942139254	1.05743801413379	-0.154836239126164	-1.35850493251828
0.678639012787731	-1.65917711062982	-0.490697258243584	-0.215627799660777	-1.39244266331244
-0.509653695117348	-2.86484309093011	-0.449030362156231	-0.0587914476651741	-0.65768782162369
-1.33851551322399	-1.52816558828514	1.35626262616264	-0.230896897430594	0.340714376974502
-1.04622471937669	0.342553265860387	-0.838560928446048	2.72259643309938	1.27943173597651
1.62613194813594	1.49350741802662	0.373615923735365	2.17412814278025	0.0968108736141078
-0.163738084048667	-0.92049162403007	0.283013795297207	0.675242518739008	1.07960018165423
0.411531872875065	0.740876110223565	0.0288431964352234	0.388869307276232	0.523692180183161
0.38493788645674	1.70639036748554	0.268894632120333	-0.0171861411516438	-0.128610914303838
0.515302535431694	1.49340542325097	0.62289702957054	-0.371158051151175	1.30824677015044
-0.354819744391722	-0.539966218544213	0.0190641345417455	1.33795069358313	1.79502108484757
0.699537258014003	1.00552491553646	1.0566239531859	1.18273790512431	0.791962644699794
-0.974546420422013	-0.0019321051643761	-0.639726398336469	0.384779870321887	0.24180015848958
1.00575901591023	0.352170279479015	0.56419336972782	-0.592085709229845	-0.587173086026289
0.1301011740838	-0.813665871142316	0.45863666611959	2.28358926479946	-2.22667435818841
1.35342342285624	0.993170818257152	1.97131124039506	-0.929655209402251	-0.0239143952627316
-1.0343340915711	-1.67844469864341	-1.71224694946208	0.234250657824113	-0.643372309758099
-3.40347433898295	-0.731823919369614	1.57407401239512	-0.724562790850783	1.30698273987943
0.831653967085317	1.43849492328477	-0.0133635453418199	-0.0485596267881152	1.34832407160732
1.75717533297294	-0.240637622965958	0.922767080511618	-0.464942569105723	0.544150695430537
-0.100513645953405	-1.38297923418184	-1.10962820349674	-0.430536257363598	0.255291179333058
-0.837086246627256	-0.427774410646886	-0.492871111946849	-0.141976293746921	-0.013499020947246
0.288229329351686	-1.11668294404187	1.32104743995646	-0.127891799804381	-0.0801257953428717
-1.80381385942507	-0.373925006010472	-0.622411193424314	-1.73470906885761	0.91671710561513
1.65877017691509	-2.93367894329733	-1.83047724037692	1.23912536938307	-0.238218453392499
0.292543833366433	-1.06793575872481	0.104475958434591	-0.993328098415964	1.01464029386455
-0.166752638696792	-2.01385291657867	-0.264849464292951	-0.240745694195483	-1.24154383638119
-0.324743299823979	1.49623878566687	1.20804245182589	1.31039389243204	0.193506275068668
0.680784364850416	0.436550489663942	0.35654271186333	-3.36537679519365	-0.588136578566594
0.258132034927327	-0.451784523952506	0.614220814229384	-1.73673050130969	0.0725384433325514
0.0766305631925941	1.71562490476189	1.55461376078623	-0.586708594181243	0.470340703329391
0.280652085247074	0.487540718555205	0.785661516753496	0.949117010495118	1.42436292096354
-0.68690649553737	0.267227902183162	1.51544735455255	0.486029820673763	0.159900104964534
-0.322250493955114	-0.237749168678742	1.87899343535002	0.221272161474512	-0.719540611429362
0.384614470215233	0.2656330727701	-1.24582337931731	-0.104649766926495	0.599359635891124
-0.208290077777001	-0.579775700465677	1.98656132464649	0.699586302612104	0.0297311266407823
0.506293835904867	-0.138224813125964	-0.653330435684554	0.488375276883867	0.873092348115309
1.92996261351558	0.741985690336699	0.700219134015424	-0.078146406921142	-1.41890890666607
-0.545022266755019	-0.689171094012166	0.0699567647810184	-0.670084209456909	0.36253098349415
-0.33941612657104	-1.16983387545885	-0.746337865980966	0.0784276634236484	-2.76766844663863
0.32906755123921	-0.471185426223561	-1.44406856176857	1.55144520773628	0.21280940556235
0.544849323488059	0.0641421605856128	0.311779566083014	-0.370841920690017	-2.7287877221811
1.24399720552953	-2.02688592926776	-1.59654758071	0.984312549047854	0.133827537971782
0.0604882633398778	-0.80038305456679	1.09234984103486	-1.76795927328506	-1.74179135529952
-0.124635184830642	0.332121912201894	-0.55409895932445	-0.613646508984205	1.67083004170666
-1.33071979164261	-0.253398623512449	-0.797360901045048	1.4230262188148	0.908724880520812
-0.882595133115192	-0.626188235299098	1.18083458767613	1.30387618326219	0.753274496019428
0.0436243954752141	-1.32941383187169	-0.158132036123855	-0.177841135128849	0.43769894781792
1.27146951459734	2.54492693207964	-2.10156925319623	1.24511508805262	0.639127349294063
-0.181453676442416	-1.27879826619669	0.865063553403646	-0.481562582716137	0.537212332892641
-0.213991877174393	0.886520999124977	-1.26582867948925	-0.189374176447197	2.16957668164404
0.0960608261526403	-0.305084054519451	0.131741708750894	0.287352001077894	-0.000333495970329707
-0.216651591423604	0.0029062859824052	0.887724200738091	-1.71178118398022	-2.01840803321165
-0.33266562894167	-0.568536136047102	0.419295258770631	0.343389886483715	0.619044281850902
-0.375160910789464	0.355954827025454	0.849910811369574	0.247277509616846	-0.744423061215831
1.38288221351176	-0.380111596475294	0.912781390663567	0.480699131212099	0.0748697952799292
0.343791189238012	0.451316266282449	1.46111561269361	-0.700202520815277	-0.23499928022339
-1.60208570825534	-0.851068021737465	-1.02790506609983	0.111793983251827	-0.828196464008048
-0.637912346646805	0.491022359134813	-0.0287124028139294	2.55062189669747	0.295389565411129
1.77227802026165	-0.101746553577528	1.88953284704004	-0.563201911397624	-0.541936462243642
0.695460487881621	-0.335854688803599	0.255509521400686	0.303647510113178	1.87483481346827
0.16457776759629	-0.514840365145205	-2.11100735795779	0.347662981351357	-0.352382293717084
-0.84005198403251	1.06797775780098	0.155393376319332	0.330031467635667	0.276110550202986
-1.55357989475097	-0.289159345585351	-0.629284164315428	-1.00202579566517	-0.613139256561862
-1.29118672473792	-0.110824951629904	-0.0224073523864392	0.698363939441001	0.00716529442743595
0.383071323608972	1.82388772279567	1.60705054083516	-1.24302698005641	-0.250799487322505
-0.861929520598853	-0.403101770450232	1.83328167383504	-0.197979540797698	0.933505179947594
-0.620600148692926	0.624140602732431	1.06940021059826	1.15962592751419	-0.66322447433399
-0.638502784689877	-1.05358266280853	-2.51918691289135	0.673820176042253	0.942911888256627
1.53864297117021	1.00521840129441	0.37253778134537	-0.474746509084489	1.61129493423566
-0.438726774183604	-0.993659154717098	-0.80176588118548	-0.366831738696535	-0.122628430518418
-0.849438854580314	1.21593287133397	0.233170168492764	-0.262544680495207	-1.53229970767689
1.96383578230994	-0.361283037277587	-1.34010436097005	0.906457331896937	0.120867379743856
0.807754874974057	-0.332221298485464	-0.0302743541108416	0.790883868469737	-1.67380174417028
-1.13812280671047	0.101991964474769	1.79932734129827	1.03586420201489	-0.281030304080185
0.366540608298532	0.819062050915314	-1.39051829599637	-0.68548569671593	-0.668733672016311
0.345524604484289	-0.345117944132922	1.26052832732506	0.744820453094003	-2.28791640801904
0.181526593442939	-0.74601863128359	-0.148648933988457	0.300787883147635	-1.03281829403767
-0.0480049424535841	-0.330200496201648	-0.391914740268565	-0.554034192373739	-1.46046058301203
0.0722409655757561	-0.512908849010177	-1.59746641062271	-0.669748479700685	-0.426466054986716
0.390460817278645	-0.19682484972629	-1.13774744878297	0.223039309860053	0.125527584701179
-0.558859639078374	-0.289767492588766	1.81204485394918	-0.0446361784779086	-0.876369767817702
0.335176427958363	0.936245215458478	0.0340712065692435	0.551181614138834	0.532784782865652
0.990596041263642	-1.40812120705005	1.03039902215965	0.333279416951384	1.76857088240675
0.191545084648505	-0.0755632742496823	0.017737891958607	-0.892972562149047	0.121328529118497
-0.878562405801373	-0.082105355165103	-0.0438715674292457	1.89199359311058	-0.680665413559923
1.10432436900152	0.037555888076192	-0.412083149369583	0.700348872841881	1.40271051095874
0.330484424642717	-0.835614660918563	-2.98502599401776	1.58878764770819	0.412177131800247
0.465513228278897	-0.176826509159617	-0.247964641294154	-2.38341990987681	0.0329391576053765
0.691874460722414	-1.26582997458026	-0.450944577793279	-1.66168063876155	-0.0569589786913223
-0.83228818485336	0.0255051767734391	-0.453614040701828	-1.37557918183157	2.06506004348864
-1.50942868398	2.31935438693113	-0.262016406721189	0.392191144387998	-0.186707997596468
0.159716440538438	0.740211480046904	1.54568979477767	-0.334920357147995	-0.118557684085864
0.560552523191064	0.376420797312329	-1.49119456771631	1.09846067236114	0.423120127512993
-0.419042890070278	0.912522614614038	0.728692950944616	0.150928381648294	0.877117876813267
0.569382465980792	0.230668039989515	0.156634744215746	-0.83587310359796	1.09305795889425
-1.8630685239503	0.163026799403042	-1.15536659294957	1.94908366549049	-0.498324261684977
1.24366202010206	0.459935817310964	1.17639978054198	0.76436620308248	0.0966406849210496
-0.26658771837078	1.3354567049579	1.17168081993307	1.13304765900053	-0.847155912921674
-1.26529057286431	-0.0219638974873451	-1.8152935659334	-0.776673854064914	-0.542694663493704
0.821367607312067	0.446363917356396	-0.0300646579805542	-0.41304154949268	0.951781101005164
-0.300132438136315	-0.243141292285275	1.06804319039628	-0.376146695092171	0.625275237354151
0.55265960708464	0.198450099338556	-1.27385418382433	-1.49115573337284	0.184075192671636
0.412658803421553	0.477724681672476	-0.876501427840386	1.39676954446822	-0.407352567379384
-2.02822382311724	0.682955673992167	-0.896069974719199	-0.194396762952989	-0.333292253385381
-1.25712803955867	-0.00499345380290667	1.48667703526362	1.67097489392108	1.17129046630512
0.858243592218333	-1.39409723785432	1.11856552306217	0.187983201004347	-1.67464285192667
0.0250259319042279	-0.783914257057096	-0.645936414338889	0.713214432999445	0.795688638656001
0.495508553377009	0.0502514263333216	0.326798000585623	-0.924508203615089	0.762703451944109
0.522449235326131	-0.562860536076213	1.46167726738705	-0.377634557740556	0.0834369105092378
0.562718975783815	-0.400473665606167	-0.561888879852452	1.33180181085491	0.416122880415377
-2.07272633078498	0.491108062698154	1.84949304736121	1.31216753931791	-1.65484281996213
-2.12345031237024	0.728933323502086	-0.419944523453084	1.06907551535578	-1.31587054378097
-0.0712299341167909	-0.269004661617162	1.13273649515555	1.36086022077891	-1.51914467447937
0.296563106269008	-0.849622466566335	-0.227520198353515	0.246525704012179	-0.600880801320577
0.916749394047878	0.516106322985004	-1.30772376268057	1.12439306610575	0.0987246427977927
-0.481984578988873	-0.48629606322011	-0.652566900345117	0.379269708833884	0.652576271677543
-0.764538245977681	1.68014282220535	0.413796629963773	-0.448197238764068	0.235093552430986
-0.162298453666219	-0.0600450664667057	-0.468804887298626	1.37519909511773	0.756726304922035
-0.316316331759763	0.275536526011786	1.47229908951407	-0.233068170307751	-0.183875646886886
0.106415210069751	-1.15235144585658	0.650262520978309	-0.351240840065789	1.11248292826072
-0.548402132108221	-0.733892670123607	-0.376109219489722	-1.16819427636977	-0.49811927624552
0.794661285504198	-1.12269993909152	0.536673779453209	-0.0131510854904711	-0.0729645634369454
0.0823527910945879	-1.40127359518544	-0.141139299099476	0.701814594349669	0.909162922600464
1.23060664398694	0.894390792629579	-1.76520873400416	-0.622765779555939	0.0544796517823083
0.517158540920204	0.816615071983079	-0.685645247691828	-1.32717866882317	1.00244625139942
-1.0246513576404	-0.665261980308505	-0.440114155018095	0.987527542253161	-2.14914898857235
0.766817842159491	0.814517748861366	1.14400882671701	0.20514850391773	-0.20527039750583
1.75240468919534	1.32586912984988	1.0732700945922	-0.84776235731197	-0.579160610420149
-0.483725700872092	-0.604252503717561	0.19732296997214	-0.254855091845242	-0.525758688741842
0.0251303605905684	-0.135336251698834	-0.126594954213046	-0.105402733581587	0.450279104368865
2.30106065616802	0.678115193137495	-0.517580669084006	-0.696340927656307	1.24478099347867
0.385903097530077	0.744226783050431	-0.194342473430478	1.24742884089802	0.97435014417828
0.223999747059754	0.0333694279941978	0.105303411521927	0.0406477575040659	0.776031186541319
0.116321223062312	-2.39633812654766	2.03599284333231	0.198808665372039	-0.164419167920868
-1.04099321703573	-0.412278789023587	-1.78046082196323	0.0785389852544945	0.0808965343394899
1.91298480483054	0.515184707095259	1.22036698063929	0.319116637783843	0.308940348038433
-1.22043184910074	-0.368100203647821	-0.58271560526608	-3.10326540228714	-0.404417892185789
0.300345059304925	1.85723265548059	-0.342277694969887	-0.143269685138657	0.948350331644615
-0.173655235792261	-0.845031516485513	-0.36468316176283	-1.85148400756772	0.711473657021153
-0.832332604571108	-1.09499354289015	0.437483555351163	-1.42779245398049	-0.195313339235165
0.163303949027996	-0.538643766999844	-0.769035351611555	-0.182025933302732	-0.461782581291516
-0.211271672558995	0.0147074089974512	1.73763071299703	0.379098736351074	-0.065277636373786
0.462128887005833	-0.333935465165405	1.04721809496016	-0.29328517171282	-1.83690329484685
-0.0678306770961909	0.148603744919705	-1.78481382215063	1.08098980665965	0.482278591997358
-0.438187932020046	1.88710377679806	0.240415275669253	1.25781142717652	-1.01217657353204
0.425122383887137	1.26178123201627	-1.61764061341466	-0.24293676056143	-0.429492064168048
-1.90134162258526	1.63288858207996	0.13861720145716	-0.813257121351367	-1.03816737765862
1.84906239891216	-0.454669055589664	0.138597896016551	2.16807470278648	-0.638357177025283
0.149834181083608	0.162267636866971	-0.434074812307215	0.390633937789147	0.651519339449317
1.04110742433749	1.714848597753	1.06853220516566	-1.01898152940891	-2.61075736631884
0.851141879274351	-0.0355685870368272	-0.913506964570172	1.36821163778938	-2.57729154645116
0.0893208554635504	1.00035349033642	-0.373724233802297	0.314258261514833	0.553815857754313
0.175966193264113	-0.903615120914421	1.17863716485396	-0.407542583453766	-1.24122776639322
0.705164063118615	-0.545587686825357	-0.742713430189162	-0.289692546831686	0.00921759165579135
0.302231020555275	-1.68583755277181	0.801074563266694	0.130169826277784	-0.349221349363616
0.0311574639504841	0.409371957721257	0.398064153246264	-0.453034059148188	-0.887697601238835
-0.222599650242448	2.43755802240663	0.155143290895698	-1.08953295926636	1.34941985140312
1.36252074566634	-0.300288597757143	-0.0538377164890107	-0.841886409194852	-0.880599074349025
1.18097451495644	1.5463088818682	1.42830554182984	0.400658851746292	-0.815987534646357
0.126372837264948	0.591516594756152	0.214750225267894	-0.70292305465372	2.40091373998133
2.41167651279622	-2.28630333304183	0.195248366793333	-0.886550033204533	1.50601356837852
-0.969480451119058	0.0648650272576961	1.28326028117096	0.148812697423479	-2.13173384509107
1.82788477201342	-0.104102147844704	-1.3665823475931	2.26518537675186	-0.201477379063452
-0.746195509075139	0.401274193204728	1.03557475437191	-0.92404387319709	-0.435530425399741
0.974977093541683	-0.179476019863558	1.17980276951515	-0.411081271773715	-0.0292411403457648
-0.824818004972636	0.794641333880937	-0.550304388947299	0.0843657896028347	-2.05034407836738
2.01974290506451	-2.04426485779323	-2.86697763901571	1.68443776008336	1.63205365312631
-1.57365295297764	0.131616540351185	-1.16592327886072	0.625548997580088	-1.0651212315354
-2.10923088242906	1.02833774776563	-2.13358674906931	-1.45268108177285	1.2601657397426
0.364776696847237	1.3768349096277	-0.37239614915158	-0.00327805573323722	-0.186498603310894
-1.47957178306071	1.43505725488256	2.21090549961447	1.0973220895369	1.75589653931908
-1.37515518930289	0.564491315456425	0.180295970283691	1.17422632302621	-0.336946500675791
1.13150129948296	1.50210899586309	-0.27788689724999	-0.453259533526267	0.758141346895911
1.17933851262367	1.80154945188246	-0.636097229889558	-1.28410033548632	-0.888043391682471
0.0904275012032914	-0.964516017380219	1.85666386111821	0.230751827893889	-0.634819338760547
0.0904631705331085	-1.4946616497958	-0.722013126506356	0.478266194601693	0.89020881741828
1.46230866651373	-0.622305355220608	0.632245345567274	0.501274020566502	0.733942241702899
0.676384934639132	-0.911983319874862	-0.27823653034915	0.0542798301444124	-1.2577922877934
0.381306461880855	-0.464365304092722	2.97993534262349	-0.0260472982213545	0.999354332661602
-2.18844183366744	-1.40636179457346	0.320407475338004	0.384648935214567	0.148767851000571
0.469053509492267	1.45155495620846	-0.856989411457839	-1.8438536486678	1.0797338069497
-0.298452846221127	-0.295792272853221	-0.293149159403768	2.28170618910815	1.23328763320523
-0.522594133197885	-2.5056534040839	0.0869655582837267	0.615780607294404	-0.859228026796959
-0.485094104482215	0.102188323330563	0.943779266846795	0.379147758776059	0.729393727029732
0.16480202932118	1.06700807538395	-0.74892210319206	0.708837025431591	0.129069773862501
0.467716589798563	0.0978812770187848	0.209044884651642	0.531288723412283	-0.279529514775229
-0.012235596797354	0.954599002616824	-1.40361496793438	0.263223848980039	0.308344651595214
0.968568829284613	-0.160528575508058	0.793074570557627	0.444173940103795	0.445735547194696
0.562382966249256	0.704393661099801	1.66640406612433	0.524543727180478	-0.842491965029539
0.92691265678719	-0.726078376204906	-1.03285229404511	-1.58982489845857	0.394916511977525
0.255700084661991	-0.050406685376868	0.642896023331303	-1.3296328114891	-0.840689566141641
-0.495925029818197	-0.461188469508355	-0.740106309974087	-0.883259711825468	-0.711503942187559
-0.657631018548274	0.338898990575943	-0.070402138442771	-1.30680407349383	-1.08998562183423
0.400226240179551	1.08874125770332	-0.449632644248895	-0.843486259521256	-0.430346351784341
0.108159168612853	1.68182396474316	1.27839268374658	-0.460966886016277	0.225567390804706
-0.888892254007301	-0.572805014503025	-0.351060970728897	0.169285056727742	0.373650818813578
0.024925155513845	0.175979745199458	-1.02770518592136	-0.159967875099063	0.50453810977657
1.08859537318291	0.741168930347524	-0.958651789925294	-1.71565425581981	-0.650766081878736
-1.09123539688964	0.208731091310851	-0.419071576036946	-1.23880680045671	0.128482412495769
-0.852250903820931	2.49100758644627	-0.172146071282971	0.492996325764566	0.929927665895163
1.17460883890285	1.94526080837617	0.647865833852192	0.738508066507968	-0.938064260382232
0.0648916915741524	1.20256880605008	-0.273909542898454	-0.13659468746094	-1.73899566578448
-1.41525187133093	-0.779660942845406	-0.432878656312304	1.05107509520745	0.587926947998483
-0.0269404069734245	0.237412785579399	-0.308869462849111	1.93026945621696	1.01144582808607
0.276015798180175	-0.376160395373492	0.20370580853787	1.22227065289502	-0.827876097550923
-0.249090227660718	0.856469471141574	-0.33263006932879	1.12145096886981	-0.136433801882894
-0.513947889985677	-0.501005365455979	-0.542169902852266	1.37952779574108	0.180852849703302
-1.42540250497618	-0.372441972887855	-0.712607820742066	-1.0451829962015	-0.930141973123657
1.32536611660426	-0.0480825689195565	0.883935260211227	-0.712854462086845	0.375984589493778
-0.514670293395638	-0.230834077548014	-0.652797157886456	0.649204511117729	-0.33303017697089
0.523779363126887	-1.24514546418878	-1.36700919812924	-0.256277803277172	-1.18031847372825
-1.78673018649731	2.32406661273214	1.10654993774748	-0.784652370166837	0.788779392494377
0.375100080536536	0.906635620347397	-0.67024987067935	1.36755137210964	-1.52257753400566
1.14315694052266	-0.595518765271286	-0.737942633134464	-0.636953636193111	-0.36647796296852
0.662582752971125	1.07883601238072	0.365908060683648	-0.459316694318525	0.233305424957829
-0.590726151774985	-0.140189739696462	1.34255124960524	0.678936667777932	-0.278131863091831
0.105932603956029	-0.501067023748907	-0.210544677708375	0.223442054616346	-2.11536335653443
-0.189386114493066	-0.836839906362946	1.82833894991408	-1.20746280983078	-1.06494229764103
-0.654829269519478	1.17609821023454	-0.726305879500343	-0.911122252081606	0.425773998266035
-0.317284465687666	0.701910087343009	-0.345956453736638	0.0393091623643675	0.651508220971944
0.955684078498145	-0.349281557769961	-1.87524583486496	-1.03941410753201	0.401998170107014
0.025010980403424	1.13261571560721	0.0149966344060394	0.624109455788827	0.479974558184966
-1.07138539785692	0.857529143885042	-1.10650963167003	0.333652639998715	-1.1471494627418
-1.51279954789906	-0.447766474882632	1.01177637794506	1.60353883188571	-0.89999046795948
0.317368566738809	-0.62490883328071	1.58128998013972	-2.03613970281596	-1.80806223466858
-0.29861757623557	0.983807881656465	-0.701860527871004	1.87046499783683	0.0753571337898913
-1.37501954847234	0.853381994697998	-0.251564842308639	-1.02548865303706	-0.712465049048709
0.396498393379949	0.460587260482724	1.28122311353277	-0.944215037741885	0.0259703183660999
-0.773571176010877	0.14483121426074	0.22539065064756	-1.12486944381375	0.322327767690219
-1.3911462328723	-0.956095522998254	-1.35190189840155	2.07832603249256	-0.446311925518392
0.10044276572493	-0.953657633910693	-0.188944589380896	0.583264805286173	-0.0530369782834767
-1.30930948796012	0.242820955904248	1.53085548060458	0.0288704605717235	-0.308321455076211
0.788530112834082	-0.669898900377575	0.0617745565678319	0.511593490288545	-0.649615212249874
-0.848935911942545	0.349476625203582	1.33149122427285	-1.23127722811501	0.777400297155195
0.050143558002241	0.00599395468851735	0.877938964594415	-1.19137858667276	0.638995642318035
0.875335261125606	0.322196803273772	-1.61136398162439	0.313429713414158	0.434939106824232
0.318014823465167	0.902507743647149	0.0791488331990673	1.79120757833744	0.124855243691902
-0.970459000908972	0.659077758846725	0.341913520698281	-1.05039219079407	1.91671113832595
1.04201478579312	0.345874502190989	0.250950648029573	-0.426873180706289	-0.481427068213569
-0.698775883674476	-0.963571524864399	-0.406345706606668	1.66238414695622	-0.50984922636975
-0.355502417567814	0.523920254323633	1.17767534307533	-0.351651388238229	0.901027017979104
0.55478115928676	-1.78711461420678	-0.919227623133075	-0.00588534486238252	-0.457482423852508
1.04265882910124	0.0660047356449635	1.56664973941239	-1.41117003715901	0.366954442092374
2.38870982748652	0.664968668491753	0.130012705911159	-1.3383934228595	-1.46159396417407
-0.919523504052482	1.0303738672133	-0.235407522161469	-1.19756864589315	-1.26753214962091
0.847502877581747	-0.957277014279753	-0.446188798760361	-0.599801269615488	0.946614109147984
0.203795616893032	-0.374482454557065	0.668270942385082	-0.716672391189711	0.398050756704579
0.712206722307091	0.244988058427957	0.598360498550629	-0.129053616866158	-0.082897677276342
0.237859455759716	-0.304759230424837	0.102961922039047	-0.203369844292034	-1.5571519264436
1.13837933782229	-1.10543425032849	-0.525612742006179	-0.0731892016606476	-0.210931704328831
0.449064560749397	1.45656354795079	0.549909853919355	-0.771811382878413	-0.325814749032028
-1.24144929909618	0.5025868733513	0.109435318347799	0.00518313488171268	0.286866366318829
0.349183086630977	0.553423098302495	-0.57298725384769	-0.772139776888976	0.978468046051722
1.20990208708167	-0.632752955818456	0.597372815669081	-0.666564690848594	0.884629850216269
-0.0673852810184944	-0.997446180176408	-0.986464910175978	0.280069317133123	-0.916885639620184
1.67429076366394	0.421455829360413	-1.48510024035949	-1.20963405362527	-0.271431742996995
-0.543908401758015	0.0291602414394316	0.728489256611321	-0.245367210657576	1.49278721594268
1.55076957073432	-0.768153566465342	0.169747685084345	-0.319739498897624	0.601620746918243
1.3997384463986	-1.69922530936241	-0.28175517471891	1.17232089566861	-1.57105561608113
0.242861848032891	0.871401033809462	1.19341647951004	-0.782135007625511	1.44662334455829
-1.10800368994915	-1.70761781878881	-0.442073160446977	-0.161865417665219	-1.71562917448746
-1.46078956771382	0.234359584376104	-0.848111975910091	-0.757574594349828	-0.984405141653435
0.901861090482771	-0.0120000069254424	-1.26933773581495	-1.23207869363229	1.02189922271273
0.149324598144421	-0.505324299556591	0.75934095761385	0.605213635997447	0.196562580669062
-1.44552121842742	-0.652647319066498	-2.09712936622821	-0.72116334464509	0.911243558923031
0.751705230019275	0.430856288823687	-0.3113381521099	-0.198383755958308	-0.457288866298122
0.181338323534932	0.819580717081857	1.13262580344542	-1.23552095980675	-0.269824636265089
-0.191251531979376	0.810585083024918	0.317728827761116	-1.03842497840505	-0.141309427647616
0.920182774723147	0.0689347416141969	1.98039072535476	0.819390428050033	-0.736585417324295
-1.45216343148953	0.252614068937085	-1.0466131809261	0.528460880990352	0.764075324173981
0.795360412933426	-0.587723672066499	-1.78340188952786	0.520177724758493	-0.138382941647249
-1.46761352249673	-0.661721623694521	-0.276586904962861	0.553705548082525	-0.927163003325949
1.29510289559094	-0.40061735567559	-0.623361130349595	-0.207851989499733	0.537731660585387
0.367544637927669	-0.557530821513844	0.167229318678923	-0.359399966834011	0.773939080122693
0.0239019630539135	-1.71836809737474	1.50911660901677	-0.10332439352975	-2.60880621107706
-0.939491170506628	0.803844362513568	0.245647700215453	0.61178252826141	-0.565010653771469
-1.71730028824154	-0.0172711267944245	-0.130201512544003	1.83266923852281	-0.990091122234179
-1.27842574954333	-0.85299954891725	0.904748279483513	-0.888416263012273	-0.0727884491721946
-0.59557950218141	0.855384482898432	-0.331924340693554	0.48648190801272	-1.12454515521722
-0.743248894201639	-0.478751821605386	-2.28378120124871	0.551809891735938	-1.65521922277149
-0.253536946258868	-0.0507409901115603	-1.92131273421379	0.621400676399104	1.15635792936404
-0.932356023731232	-0.339776656741923	0.381944480900677	-1.03135299693049	1.60507546895626
0.293914202477171	0.961675308042246	0.108147982493393	-1.33064324621509	-0.832546773114179
-0.222494246245426	1.09884027434576	-0.640555757773354	-0.374658042703649	0.780321182205824
-0.469694238497962	0.0557219937493819	-0.382455975882794	1.55457755054989	1.23653353887785
-0.768733548603055	0.222816473079221	-0.291886726225514	1.87003471801375	1.76174250233263
0.958247389953654	-0.482452405754002	0.565203906577759	1.807269729574	0.195826258279032
-0.136714629241051	1.07070799740276	0.133020806003142	0.262156769011632	0.207586738366919
-0.717538528632502	1.21684153262632	1.45554039511812	-1.0135897740821	-0.997428254812439
1.26673805783527	-1.6200988359925	1.14466859611879	1.36740797093152	0.370269400241046
-0.615049295638987	0.0199746714886822	1.51792539055764	1.03697176246854	-0.0627617510773726
0.832623572614804	2.81456759497623	-2.36169258525952	1.79125094831309	1.5849749880587
-0.219680595169643	0.433838129618718	0.623371379269283	0.409346949838837	-0.650113721598552
0.15796070267443	-0.610592527705669	-0.877084365002533	0.387838336224772	-0.457721186941063
0.383028728538514	0.677872560635621	-0.774170949442255	0.671396337847972	0.680360777144651
-0.569058013575083	-0.80809649981278	0.499646892349405	1.12958383687315	0.17480892458962
-1.06397393787563	-0.0238379007721097	-0.0793765094141104	0.102040949522367	-0.173599155546618
0.256298740708842	-0.154024634374967	-0.561594175800603	0.486205854770887	0.338305452262839
-1.37234934950863	1.56044679638895	-1.82208829051277	1.0230997792657	0.201932466707214
-1.85379873879062	-1.9121427012742	0.282251141934595	-1.24818650437348	0.310699730711012
1.25615277176237	-0.627916954002703	-0.846347532351326	1.34102500862001	-0.0619699791095404
-1.4809555629459	-0.42613652526669	0.289938269772886	-0.950310992798252	-1.62616031849419
0.246715734657599	-0.858560953323992	1.27360090990431	-0.41143951873228	1.00824846170447
0.500013280648472	0.45852160354877	-0.322814349149316	-1.79122449397843	-0.664410762031596
-1.0031074778345	-0.0633646444122308	1.62590359731682	0.272500555978608	-0.613780070549488
0.249487652132418	-2.31774364890475	-0.797325914147739	0.324813006668624	0.255395344069362
1.48317851168386	-0.980477422907509	1.58384598006289	0.946619139237433	-0.429386307516563
-0.574465453937255	0.515145426074986	-0.931234776028113	-0.251579516735163	0.024176731827752
-0.775894608993791	0.680134407757381	0.265785910115304	0.529071324361735	0.0784114072370861
-0.168057994743196	-1.78847165337572	1.97119033050906	-1.29426524781322	-0.859143845521255
0.565735324182704	-1.35488815658324	-0.531264756214778	-3.08221077352659	1.49577667781311
-0.821739097346931	0.724575459898616	-0.28645107840506	1.05135823625206	2.35056596464233
-1.20753525551962	0.65360348892692	1.19865369183831	1.18489090455955	-0.32246845176607
1.21376847133194	0.734613964875293	-0.305323731430298	0.315869896162528	-0.35284193331605
2.09648607241756	-1.47386916008547	1.09509470511427	0.692766387538622	1.11361591082191
-0.345276885726625	0.123061101157505	-1.62443735673751	1.37097976243462	-0.83957862143847
-1.24329426590301	1.13255335564316	1.46481803127573	0.450473845604549	-1.36910932864328
-0.580700330360799	1.10027249367422	1.6043401175077	-0.0867216713073368	0.179378793498794
-0.202086130240143	-0.857502351789407	0.678659961571483	0.0165400001275144	-0.874071907952759
0.830562698640997	0.369834162538705	0.0292417272864889	1.69423010106422	-1.54331081217986
-0.810352464403277	-0.939184358633389	1.89937533243827	0.290707462925747	0.599203069244326
0.352467304038973	-0.418395657052484	-1.35708928048627	0.573423404349685	0.193303613702677
-0.624578488378395	0.105084173991139	-0.377243565453358	1.10250039978259	-0.793897919793084
1.43816219082525	0.613680254520416	0.812278792073029	0.46658237967014	-0.443938571812672
-1.12923400836107	0.437234655840388	-1.62706597394508	-2.00795360364293	0.619474678798139
0.356705597661818	-2.63686060530068	0.0636356514149867	1.20736202114787	-0.0946144895820072
-0.00115522005134154	-2.04871618935656	1.69148292047723	0.245480273827128	0.460008101403278
0.322004404803643	0.80876125334232	0.908841646947693	-1.56800525311876	-1.26904135618053
0.427113040745599	0.986233007729076	0.780644310638855	1.39712913716341	-0.565271760462096
-0.0840768946752223	0.228472303976208	0.234921107386645	-0.203863350515051	1.52524542993099
-0.508419265302682	-0.562807782464844	0.335342377765536	0.735661704113389	-0.203321055486548
-0.323385419095496	0.817491633794049	0.786822534744992	-0.844874859874783	-1.6885336333617
0.879627146071019	-0.381302255367601	1.47699290740506	-0.176733630912243	0.551979087951769
0.101548557672914	-1.0147918173004	1.25701863424767	-1.50868012266394	-2.12336817217402
-1.16781201561974	-0.840827184872755	-0.534411230660305	-1.27508692452435	-1.0317921820394
0.0154400188303186	-0.937980364993799	-0.016189915594452	1.94989641529095	1.00134330807183
-0.25376240884099	-0.874954850727861	-0.346649055784643	-0.738790867464763	0.475083937943915
-0.745067617876157	0.201627295972383	0.685980543951274	-1.4312250440944	-0.677102345199622
0.835226791585175	0.332224154911103	0.388659825949569	0.258934604344638	0.141392224808112
-0.0800716144412657	1.00905765559724	-1.74698284252202	1.16044794940355	0.433965356718443
-0.973583658734534	-0.855232017103466	1.30843385421428	-1.23294337359987	-0.849780437414062
-0.634865807465586	0.024989930069027	-0.263693562497232	0.123973780012166	-1.08697456242371
1.02005464975668	-0.804505329031829	-0.680820155858495	-0.0374388823405719	-0.0321752740761711
1.60295939348121	-1.39814119543773	-1.14346737533392	1.04359445068085	-1.34899338212592
-0.280841036175656	0.311011983197118	0.260904063881437	-0.585734143714814	-0.620103329030493
0.389790900460291	0.899035344636734	-1.8447956281801	0.774751699715964	0.598444865690794
-1.48756460037499	0.0866235013253711	-0.498783788688966	-2.11179284011153	1.05734890966663
1.28745954970232	0.533846027518856	1.7646710718695	-0.482485641432162	1.17453552264619
-1.03058087306251	-0.829363762960241	-0.33745250638732	0.462211287366603	0.0422203949666815
0.431231913769111	-0.0784712314861823	-1.12805192327999	-1.05364755657806	-0.566059771899812
-1.25254129143012	1.1933546272799	0.306944136652498	-0.671769321291882	0.274954899193542
-1.60593730858641	0.400180711747696	1.01636006939794	-0.932540254711412	1.13018179567215
-0.0477588155577495	0.947461614748449	0.428983300079952	-0.636502513316759	1.71180941775644
0.471566521633363	2.05909771991483	-0.655708866924101	0.195635206962946	0.651842721324215
1.56647194416706	-0.339957978643161	0.158213070704267	0.588063487267146	-2.14085273882995
-0.143335273147171	0.858233796059518	-0.397552373425203	-1.31462821916445	0.79100111346349
0.805130613281042	-0.400785635546416	-0.681711828724585	1.2101732308815	0.90213557911224
-1.95072372931355	-0.598330380305479	0.888026849269896	0.543853183666773	0.637914296717009
-1.72019773226516	-1.62706562303227	-0.125183246629035	0.0776269482589837	0.763575500359374
0.00529142294241518	0.909701714635918	-0.737910726405846	-1.58276450514509	1.3478687714329
1.74777753363445	0.931305595148304	0.471997539600261	0.558359468909837	0.686898897579037
0.445863840140287	-1.45426228888451	-0.0793323117799569	0.715576877715178	0.75107571088095
-0.105549016182742	-0.920209306856434	0.283729475396408	2.84633421761346	-1.1477136451889
0.511172398634312	0.708538008537897	0.386209114702765	2.45568955935339	2.02305061193074
0.981232325014464	-1.16953565806228	1.31660984648116	1.5980237915152	-0.423104588913356
2.32908385807299	0.248458827193846	-0.0462010582138941	-0.264283668419436	-0.744608136423789
-1.49877693422311	0.683375424744013	-0.951105370827779	1.53128026510166	0.703538051906063
-0.714836155905635	1.84713362285996	0.682173141269525	-0.534237589809168	1.19085946910291
0.711278705738653	0.12154324815171	-1.10978819527351	0.104755422527601	-0.837682750485088
1.55738957479349	-1.25250780946453	-0.494687103335901	-1.57002763003127	-0.679229300956347
2.44262032648242	1.80531774643242	0.90816558290704	0.316394001439055	0.249117754953394
1.94572013734077	0.242047963847821	-0.106658140732297	-0.688901950615254	1.3101665968576
0.483742875032408	1.13479256963159	0.688909216241141	-0.971524651631167	-0.886375558021354
-2.39108489109676	0.360724704165094	0.0175418063973242	1.12681947840951	1.73344383457546
0.29235076150441	0.527306153879529	0.314052479460812	-2.09602298398887	-0.573032308592764
-1.84586906030716	0.399375950400265	0.305367575763847	0.31275254587828	-0.35677118629243
-0.595850719316538	1.06975848304644	0.136379554779198	1.80392767445188	0.970646636677663
0.353410050658874	0.830538718060919	-1.40639059320771	0.548885716122478	-0.789139692451231
0.0346442509448591	-0.478730860054483	0.594951125903674	-0.831825284952835	-0.857369043874713
-0.330719556297758	-0.841280430195362	1.20559124452338	-0.163411058014792	-0.428348319607376
-0.497847138800118	1.15863803767219	-0.290377653033298	0.329416355402812	0.55512279602105
0.966461043019328	0.707234305241911	-0.672562018533265	-0.270862863512301	0.381419700597867
1.27495453042532	-0.781881813558874	-1.69703978343482	-0.201330203051341	1.15527408857006
-0.0684292716835085	0.00860207385040591	-1.22227848515959	1.13710005645405	-2.11025703753223
1.22511010653688	-0.765164711025803	-1.25144863303088	-0.0184462427108531	0.82637349039126
-2.95670360471063	-0.64180094780956	-0.322236876638777	-1.29441451269171	-1.03692950151778
-0.828803071455191	0.863138025071835	-0.126733592343628	0.16485566226985	-2.11183202460983
-0.0428340315232865	-1.61322770373244	1.87462657761696	-0.155879440104476	-0.559141455404231
-1.44198892102471	2.07623425680673	0.0233700045791202	-2.30774431766246	-1.41516884034734
-0.653669459784854	-2.02370206186665	0.336227710324326	1.65401076403599	-0.697484692202441
-0.437266799200253	0.467269566754456	-0.0994785380217402	-0.418667549642426	-0.864892424604439
0.903419934679038	1.48993328449083	0.839983779462934	-0.420229286656051	-1.77551032311096
-1.28525144279087	0.176742694508041	-2.33768485900658	0.745720465154128	-0.235802640316358
0.873780420464141	0.436878991149581	-0.71452711248777	-2.02605922989719	1.55303895503397
1.12035162107668	-0.16328580613872	1.01584976746206	0.504817555080309	-1.13255402967138
0.94723090059536	1.00851101710769	-0.117744431606168	0.055977006221843	0.207184383308839
-0.396282303954327	-0.0937144235261707	-1.1486698002064	-0.746843496401487	0.0847807141971614
0.623270888161904	-1.02355287920469	-0.265134023654067	0.506384830651081	1.16173823050412
1.67227989085784	-0.114133932455074	-1.07406789369955	0.887578186754412	-0.271104106177298
0.309121554672192	-2.68328785512356	0.253960437337116	0.957428011959945	-1.28249492737591
0.579693316575167	-0.0970149530122377	-0.640912294312164	1.03865808165451	0.614325914329693
0.833798135576348	0.863814374877012	-0.27589042796159	0.0463965105225009	1.59733860506389
1.06662403266401	-0.0974022177419727	-0.122869270460615	-0.311268017140048	-0.346317516010686
0.25174491291273	0.287895826338572	0.0629092795300077	2.26079086379894	-0.188194757151743
-0.18246684294054	0.772357522538433	0.225949211147723	-0.859301815061989	-0.571391997766106
-1.00303605182842	0.324374011038497	0.153573481051748	-1.35578307759664	0.308267259106713
-0.287814842326908	0.0108451122310428	-1.36704362318821	-1.86648764032316	-1.00055171869952
0.0723038848480991	-0.775678716351681	-0.826247829758512	2.6411501761997	0.275982796295329
-1.08206664261729	0.368554358649229	0.128559491377357	0.394010479480995	0.257876919510742
0.567950277811032	0.29710579566269	0.174734362496617	0.81321465866083	-1.42795020366442
0.0785327293702716	-2.14230797175485	0.752825491454608	-0.15779608638563	-0.904772679620094
0.428313890410096	-0.984271386813753	0.734099671538933	1.11271630851373	-0.029755982005349
-1.28572090465908	1.60342414204527	1.40263157061821	-1.05343736767204	-0.1014246380257
0.319118061466591	0.204806055078736	-1.0600849738293	-0.667622304284895	-0.894213621732083
-1.00311999420295	1.0039337745732	-1.50935966815391	-1.79511076295137	0.760143621556498
-1.044717003098	-1.04731595379654	-0.448750880368579	0.731462797545663	-0.13922831031072
1.78927406778007	0.46927355874723	1.73906539522385	1.51888503949751	0.827689340659538
0.265168304401702	0.182776482429356	0.40278917129207	-0.276679245666839	1.92079247489875
0.750615167753264	-0.450556967737792	1.2843030418414	0.777195673487619	-0.863681762383271
0.651756120559767	-0.451752300976208	-0.481843388245311	0.162107040403802	0.155474700205304
0.186367835965841	0.239891450053381	2.58559180173453	1.18006278465123	0.371388460441992
-0.0749002934178139	-0.873690002506412	-0.0160318956834167	-1.06256789032177	-0.693438625545185
-0.716945647312078	1.16859461549639	2.16043163455486	0.212049751660445	-0.915661022107642
0.34826570983995	-0.837335578606711	0.261938537034005	-2.31466135841566	0.389111385174029
-0.620037200269971	-0.736788730876976	1.12821595218744	-0.331863057668555	1.84866828842169
-0.263448501014799	1.03153305338508	1.81623482226269	-0.167517166403979	0.229763310121019
0.775115614218368	-0.510665227028669	0.291465526186485	0.073712045955072	1.17084014755457
0.915878251564226	-0.874113795850492	-0.748346871091299	0.856178419184884	-0.962188086248647
0.359269890301916	-0.038423069128151	-1.32401218845707	-0.00431217802838294	1.96396426906899
0.416752080044664	1.73284654417207	-0.723507271593247	-2.409088772681	1.55189482022196
-0.0825239433290855	0.290669770872304	3.59337935170861	0.573760783696102	0.649590137238497
-0.747634526797974	0.23445643976596	-2.08972611125368	-0.80915163145689	0.68085003597839
-0.457837250753874	-0.224709016360885	-0.111748868249187	0.15355924237811	-1.52847832868176
1.03833205487963	0.151150945049028	0.473837728244495	-0.388205751045554	1.13743945492916
-0.872096072088303	-0.709819721441797	0.480307856854437	0.68678860824829	-0.938838351852539
-0.0537947712765167	0.190713038184038	0.951381776003499	-1.385116865358	-0.151710953810638
-1.05699125538058	1.96827377276093	-1.51716719046192	0.105524316943061	-1.54337074596342
-0.319206603032502	-1.11188880699132	-0.275591068396747	0.439222973238328	0.121554481168306
-0.496694381940852	1.40595522627571	-1.69746334992384	-1.54558868522967	0.199496146118226
0.567584886389857	-0.579384359659978	-0.728693416757363	-0.650650204135277	1.39326806844706
-0.641667391028323	1.14783613836705	-1.43544419193149	1.68210175679175	-0.779027069203979
-0.0188684580196331	0.599633074360921	0.335825310656743	-1.42917840610257	0.194495129051861
-0.641969994813026	0.0819019523318747	0.0337240393422801	-0.424053045329489	-1.19667956813327
1.19548550512242	0.894223666779695	-0.819065445585944	1.1462978197318	0.572630678670465
-0.796013108615188	-0.00322356022523003	-3.07192910034195	-0.0390452070258158	-0.270897898474559
0.586166382520345	-0.971383576359019	-0.250519166241715	1.47226526657479	-0.241758853865435
-0.682217013207452	0.467976952865527	0.363335002542232	-0.0239686438482725	0.14095867107472
0.142551172116449	0.335897439157589	1.24714898116553	1.01141373982673	-0.272381511589893
-2.46832267715647	0.433066423776113	-0.823342207997101	-1.7347888855544	-0.176619481916307
-1.80003678066976	0.435737597441462	-0.223161646268486	-0.682762467463593	0.220890411979533
-0.238880663637742	-1.25743118385231	2.26277301998834	-0.836034515021697	0.454443032527317
1.09974026632494	-1.95275639433735	-0.646301660454811	0.186011471470016	-0.530118507560908
1.38038080044491	0.747450331090874	0.287824545561468	-0.837131811969488	1.62945204248856
0.710481743462824	1.85446241791887	0.5968097658776	0.53430365955041	-0.0832233293091627
0.252887164456029	-0.365880052357067	-0.695395301322719	-1.48853412886818	-0.304371223270163
-0.557043262651576	-0.615786317619988	-1.17761012711161	1.54533945039064	1.28826402095301
