"V1"	"V2"	"V3"	"V4"	"V5"
0.945805392347415	-1.07069224845923	-0.646288341438643	1.05348666408518	-1.95974658325717
-0.869889474035492	-0.654743433035037	-1.08850167408083	-0.137259187813789	0.877618646186059
-0.512193182464588	1.5736590637043	-0.215721158221599	-1.64083327179648	-1.27821726559639
-0.449749880059614	-1.02009787473661	-0.718971170896199	-0.147701051446977	0.557381710913705
0.168199548881095	-0.319163842144793	-0.0720985646245769	-0.161944144664409	1.2807905767732
0.758746030046559	0.30514981310428	0.00131454635861848	1.84010750026095	-1.35599874260542
0.470844883444056	1.25891101329963	0.845917767410951	1.38815546509152	0.419545441697991
0.00925883973192675	-0.455819240786655	0.14379573645127	-0.591470170336044	0.811312290190745
1.26762710643198	-0.0312134176452446	-1.18626183763743	0.963058988144505	-2.15521654951826
-0.403581101119654	0.16645936842135	0.0209208165435004	-0.301565423197212	1.11658727678983
1.11186499609288	-1.6553633499865	0.142691811522617	-1.25053340561245	1.40841071698717
-0.416930781793988	1.87558635468018	-0.894287649560375	-1.11230483100008	-1.14959587367056
-1.12489357520629	-0.0678059621494646	-1.10242182246361	0.0134358764158358	-0.0263073675695233
-0.421765789503824	0.9748672608203	0.582681545680374	-0.596507144048355	-0.82156014479779
0.772339412981374	-0.444654693545945	0.277182892205487	0.305553782820329	0.880841077914906
-1.13835065254575	-1.07675717126552	1.1083417232855	-0.0951974935023813	0.353055748605444
0.303160543173739	0.008594864004415	0.113492088600938	-1.61295281572226	-0.854897050569761
1.47694605387942	1.31518029520275	0.26957888391658	1.52569693950936	1.41693770647717
1.37203285439012	1.41978868458614	1.34510038196755	0.674929323308599	0.451970296280637
0.432312478214471	0.726869972339387	0.221621733394986	1.09433498844011	1.98890522970344
-0.732763436481303	-0.555669123636646	-0.301780059547074	-1.18674089750889	0.701927571374298
0.398586034012302	-0.433415385173681	-0.400293378027737	-0.220697298855107	0.174830141654052
-0.479540400092258	0.774354933853479	0.690894865683501	-2.12811691900539	0.224070455236377
0.888162128925028	0.803550506794035	0.110165657935075	-0.714718862894649	-1.30441929018275
0.427848943494317	0.982201289519202	-1.5738386695222	-0.166990143222613	1.48035071314546
-0.549491257459797	-0.522346386513966	0.113781652058079	0.236453716408733	0.111136567423022
-1.86745329184678	-0.236194633019981	-0.853960216300016	-0.596015239041951	-0.350377734628394
-0.107470327065249	0.136414962231655	0.16789856442184	-0.337280025327454	-0.380346442043128
0.311440697325017	-0.508220266143901	0.151342380093529	1.08851351613622	-1.83919146436604
-0.905865481119365	-1.37950065198352	-0.938370273364386	-0.245288925622485	2.77884925823428
-0.109290245055972	-0.217405514545786	-0.0964022824243499	-1.31879352383906	-1.94791414562835
-0.512416261304063	0.151109522388499	-0.563621281554017	0.47334428230419	0.340483002943873
0.800543277519465	0.340270855376742	1.04726823290707	-1.46841966946883	0.0485017305489031
0.0928643188341775	-1.05363381596402	1.34650808703731	0.513849760582012	-0.186169118527238
0.992911485212118	0.29272765810684	-0.334072519353911	-0.00816266155413282	-0.130054889586355
0.854017501819917	-0.481100523479957	1.19581220464253	0.329353245903895	0.855400359791449
-0.438209466515026	0.314001039831142	0.993489630354691	-1.51326296089731	1.80940089830654
1.19553173430242	0.468396426702417	0.325651386752362	0.0241956236254062	0.0818714639266935
2.08383296112745	0.516153858389774	1.70009500528288	1.1916544887436	-0.536482971432661
0.498300334480771	-0.141949483419613	1.5489513182374	-0.726639531785386	0.976299253228838
0.729796645321568	-0.458204177247418	-0.811052826880327	-0.533239536883688	0.698621249576825
1.09969093510564	-0.936872403134336	0.890412554122368	0.496302628534131	0.720586478703359
1.31142928187091	-0.295571232063591	1.33168950595729	-0.255836407334581	1.57160810915758
-0.462999482352776	0.484190147910283	-1.43199915427731	-1.28113671532238	0.544995881564801
-0.890444635594137	-0.795357554712056	-1.09162776664431	2.19817095573121	0.159057049458296
1.51999747941609	0.754854771974559	0.935100811957608	-0.647515014156303	-1.20431174057181
1.75554119639443	0.0889754096232544	1.78799495375137	0.924111138444045	0.789467919435636
-0.303617847247189	-0.0605344780043736	-1.00915677030375	-0.173434808729964	0.514899417661462
1.48877053057116	-0.614082077390905	0.482857775260966	-0.015453938503097	-0.429550067734929
-0.345975099427519	0.515162874384101	0.0826887454541814	-0.594080627526879	-0.000193997739922495
1.39974517406101	1.33582372261133	0.218227702412042	1.24533050356158	-0.957846000796672
1.56616103052994	0.0494528092670732	0.276483290715236	-1.08989603698739	0.750820755467956
-0.974626297410516	1.06756825430085	-0.447109673937256	-0.0712807310201331	-1.06263363923178
0.621730606940232	-1.80075920666919	0.112409339952267	0.929073004247331	-0.162463869619715
-0.104824212268004	-0.935672938676836	-0.961566435724742	-0.230369747489758	0.469829181826595
0.487174117167668	0.342671683109344	1.75729114238035	0.319666761741473	-1.05614597483236
-2.02268801049062	-0.350075500211102	-1.4635460191593	0.0653387459119245	0.668252445559115
0.268302089041623	0.78022534443215	0.12599418078244	-0.09383745957265	-1.12492436645773
0.24950797813515	0.634985546214556	1.49983290905885	1.99682917004238	1.20628590123483
1.64515701285687	0.626005531335842	-0.203499721693173	0.227266719641539	0.248095872401155
1.15257328473394	-0.191509370657531	1.92492157414412	-1.08252260022897	-1.36218427376733
-0.597555873279143	0.921917531247536	-1.70253633111755	-0.563755286402241	0.909022107551501
-1.2626677373468	0.077350611437465	-0.751190864464182	1.04687093362672	0.607029376510983
-0.184974340994187	0.998486334187955	-0.140534203844335	0.434231803314135	-0.496345843610477
0.177073376096788	1.18668827060543	1.67794010953447	1.29824515695243	-0.958536533184473
-2.40826425698301	-1.50000914370301	-0.363127372867063	-0.11393200682382	-0.201550575579337
0.364092548479476	-0.904397129257736	0.0708045513522713	0.572810285037806	-0.0423182040168671
1.98442989467069	1.23096540053342	0.46311552304169	0.0430757430502957	-1.75957363655365
-1.05099139669565	1.654187278292	-0.444225295238935	-1.14197011769102	1.12307286381192
-1.57299336393364	-1.94321190035245	-0.877997820005791	-1.02583801380195	0.441135399646729
2.00282553237384	-0.59014442540696	0.62662754738446	0.694321265016279	-0.788505112808324
-0.500653651158066	0.292640951707027	-0.0374715046202504	0.791912882965938	0.776196832420516
-0.678765049096403	0.278841070392611	0.708709519883032	1.2290724068042	1.90070834377225
0.686583026594286	0.102519111592029	0.333283373063063	0.935360898938249	-0.582248289488579
-1.24201333283326	-0.735719353099179	-1.13766789628455	0.787891708061687	0.670166447154245
-1.38546231812288	-0.375731763196336	-0.249208724667173	-0.820575083422704	-0.353149635622263
-1.19268304492907	-1.50127064616226	-0.138737889452091	-0.633041023743704	-0.600755256299839
0.902792383359097	-0.254461243127671	-1.40529355475153	-0.742638089808986	-1.05700372636212
1.74981255238316	1.15455442288952	0.269189572825552	1.48316497941168	1.52085831813384
-0.954634593622595	-0.387407186807269	-0.440689395473469	-1.64416303173434	-0.913145833274232
-0.225653952002171	-0.25657142119929	0.167421041335265	-0.44671412624856	1.31402809925545
-3.37829300406846	-0.408427123154833	-0.404056362119462	0.964108362406173	0.0125652740207018
1.93997929564081	0.634671405814279	0.663530963306584	1.54214366608088	0.794068541106092
-1.51292092868787	-0.562900031831833	-1.80403545047099	-0.368955090886403	0.970682125233822
0.775915011594153	0.310776846557008	-0.454061913931377	-0.895442434029526	2.29104565344823
0.0309463990271337	0.553155961279901	1.68172446238127	-2.10822695656258	-0.133584922803696
1.00936773999778	0.469351949950902	-0.226990006921635	0.218272182528278	0.698897744673805
-1.46819033288922	-1.07810488696579	-1.35792394355954	-1.65331784545119	-0.946252744416482
-1.66757223711993	-0.737394385870604	-0.531447630553069	-0.234445615851952	1.36079540987333
-1.51130791095956	-0.624321744272977	0.100703640041774	-2.03294255980953	0.254537800480854
1.59339292145654	0.953744313407622	0.236919088951779	-0.0197174079825237	2.28332990400867
0.449827663004425	0.992426270678565	-0.162847625234383	-0.107820445177637	0.257646584147681
-0.0942241503256734	-1.29471450035254	1.13265133613874	0.361247144441907	0.0521774770934032
-0.84815750086805	1.5750326739105	0.660112564166402	0.863635423778278	-1.24374837909676
-2.17450138461967	-0.863028017356768	0.154524509816647	0.149524737041493	-1.33652773635943
-0.221603588754961	-0.64458556800379	0.21778337460003	0.123697782246838	-1.73023895602428
-1.16303960858539	-0.54997072709651	-0.265071686662955	-1.19049432396323	1.82257290499677
-1.95594611240486	-0.616112815446995	-2.03967625492192	1.78635039911565	-1.80342505042449
-0.0544188053525261	-0.219600380127113	0.727598741924078	-0.268888371489964	0.45610511039599
-0.371148234671424	0.511763091594897	0.833417899340696	-1.21939070269018	2.31703105890823
-0.380253884872549	0.0204843442982792	-0.748605422999798	0.435567446849208	0.0642689918111
0.854452450393115	0.139577150824222	-0.362857733181784	1.47565834080725	-0.70753795434779
0.669059603665659	-0.79603913326176	0.495660847977367	0.060261143189109	0.321924407176369
-0.498121550629343	0.283364319370619	-1.11190269910147	1.24664299946632	0.689280473597101
-0.219924447474907	0.495023242350458	0.153609035607054	0.0798360704762308	-1.10847585551692
1.31323611752383	0.469597049958726	-0.461785463018971	3.07979249866055	-0.215544779807958
0.996066748111726	0.699366378046095	-0.407201308710457	0.721674079004528	1.50349284293134
0.901061538086979	0.221660815680818	0.779886201879405	-1.11957360158847	-0.528870080144949
-0.967117149046103	0.629769502032367	-0.324090371380921	-0.473127562100021	-0.236974064870901
0.430854558859719	2.00227305203486	1.02453561255836	0.460394175186224	-0.0755820870014162
-0.0315085417569427	-1.18252088274669	0.941465263112109	1.16959348262004	0.000179834649429041
0.676130093323332	-0.726897188714873	0.81092779999392	0.991631416719489	-1.18495647975098
-0.854204838450304	-0.0772027775636644	-0.330703342730495	-0.964518315085938	0.676192815155847
-0.0640071323534612	-1.45450336846466	1.63261667398848	0.346255535550136	-0.0734141411149561
0.387379785954712	0.955321911359882	-0.691761952918502	1.4391551452622	-0.641562038195406
2.26164782589508	-0.262136381281118	-0.147469410005105	-1.04349403972685	-0.341902146533007
-0.479408544760311	-0.913351022339571	-1.20813810200395	-1.03546499012045	1.13790389368204
-1.46455022386042	0.469921818242508	-1.48520276092815	-0.377147869304926	0.512267154789819
0.105317694576527	-0.414903904645678	1.86347294468306	-0.520332005694738	-0.664791815635914
1.24531818923073	0.355308344789174	0.972513216502188	-0.438043110218233	2.24550541559891
0.985095698634405	2.06633785290959	-0.258556295638424	-0.412542091498226	-0.036838448684083
-1.27863472739032	-0.177156932550578	0.421847860744915	-0.0921299881344417	0.854833646336581
-0.431625057142295	0.179399362727467	-0.813231214278079	0.415416457719996	-0.156045827121575
-0.255890928555388	0.887926996844459	-0.999768641030826	0.826471860443716	0.519434148975288
-1.74336669297338	-0.522907750286987	-2.70840162831921	-0.599872281425255	0.678909949415862
-0.664509546924388	-0.177119069692797	0.614927121309164	-1.09570485177686	-0.978282657195024
0.757951340463249	0.676796850196014	0.948375240747202	-0.127440003921632	0.297410044791565
-0.255257649977971	0.0433349228831924	-0.556833928861924	1.64693583092137	-0.231699493957861
0.136527243449716	-2.73150559884434	0.520643693983969	2.7300481866921	0.918500287396908
2.06703855224904	0.377555374310637	-1.05562294020158	1.21264145046819	-0.193088655276063
0.410819811078253	1.35611073116448	-0.0949635534314823	0.275023482654701	-1.20638607830502
-0.779883246541554	-0.897830785642044	0.0327434543105966	-0.559095253061519	-0.136358382595998
0.274659971587458	-1.32808177979653	2.1108172117554	-2.55715680593957	-0.895022884735975
1.57801798191896	0.408561650358491	0.750874836446117	1.60907413059417	0.0475141349492941
-1.16471261550359	1.56044185292378	0.477909747592469	-0.465413321811416	-0.115053335848006
1.31682086673513	-0.209260048065742	0.225004043412019	1.32310999944871	1.45592562850078
1.11381073467529	-0.324929975029508	-0.555572344878651	0.834325831610534	-1.76612007499591
-0.666834887577966	1.26684543643246	0.714727771023827	-0.506068548735077	-0.384919663313927
0.0235018142236446	-0.762948907142128	0.954707552996692	-1.26637109260507	-1.43780199508828
-0.334319118449862	0.934331602973628	-1.26879225393591	0.0584865281270069	-1.43768529710909
-1.08629443815695	1.20820377450353	-0.428394482739695	-0.191429466856773	0.316529655310672
-0.90811897213427	-1.40307718198046	0.770756809185002	0.934924907343738	1.74753119243664
-1.36679039299665	-2.15655686506601	0.861610566833305	-1.04536264303822	-1.1367137895035
-1.32366414377019	-1.31189192541739	-0.402591358500972	1.67996496438836	-0.0328455119538908
-0.75057188099634	0.0838926987058568	-0.359911933717784	-1.95706738835695	1.3781256594595
-0.0530836843772413	-0.974569355397885	-0.0115974738362202	-1.47601620456098	-0.0579589385046377
0.498666374397911	-0.192266842260572	0.0695889480336508	-2.15654168235683	-2.01921210316629
-1.43124577949533	-1.65084374016641	-0.732571769319083	-0.2233440370198	1.00449613629322
-0.972719362854172	-0.656677555009318	1.08855899793146	-0.176320764503173	-0.977431365365886
-0.538776209328116	-0.298985012804151	-0.386647120763881	-0.321324283690059	-0.992640418549138
0.641642725246648	0.454941156402081	-1.38766508461971	1.02021016787555	-1.24143450659043
-0.208308324116737	-0.193150383327322	-0.455607216891502	0.504747896558386	-0.200188504612
-0.703033704584601	0.68304747570465	-2.14254363022105	-0.0841838384160648	-0.379026478278396
-1.27866401113983	-0.448093322332567	-0.254855817906317	-1.02940849061244	-0.811032772319177
0.662397841414992	-0.459387668808546	1.35413103914123	0.337502750568931	1.5425133896405
-1.90879198907236	0.84188275477444	-1.16819731841838	-0.401747625439873	1.69136293776699
0.305749271221978	0.688117576702328	0.337334503779461	0.342444867349551	-0.0400813277059672
1.88283329162309	2.02438605804577	-0.310939660367538	-1.49243767112462	0.657401699390432
-0.470275746625268	0.592418127329196	-2.12234815392364	-0.302401421874079	0.0510839185853893
-0.715070263539843	-1.00273891009859	0.314328459529007	-0.0994433452186602	0.207760011565069
-1.24151806589287	-0.395351545889985	-0.400996002262892	0.121935562801723	0.534130931901271
-1.46692850609919	0.651659807683328	-0.255362629619444	0.445838717284172	0.855762044616626
1.25464745503858	-1.83181392955293	0.230799730099032	0.895444494393534	-1.06074866654236
0.999951479506584	1.07758017690415	0.690908330357073	0.0513090644293509	0.286254471968768
-0.369745988528715	0.62705445732837	-0.00782219667150186	-0.370896926306167	0.0693207786620113
-2.63376517137932	0.112880367693201	-1.09703510423884	0.205321470919739	-1.31314553549736
0.383409174631642	-0.0972020017158113	1.38707188205627	0.434057208235295	-2.2915023622906
-0.514147908610639	-0.64077814719518	-0.555277218355057	-0.776367569301477	-1.52356159468061
-0.00971023459843403	0.394410885216401	-1.4940830632645	-0.450300941520746	-0.275683176030697
2.54142736693695	1.51480127157315	1.28120451775988	-0.421589219244054	0.73789965628273
1.20246073154977	0.152013275905686	-0.358296418720589	2.40994540427588	-0.853043009749962
-0.433473078981593	1.32341120647324	0.706906073958355	-1.13055283747616	-1.14610738128828
-1.56754090291854	-0.088621540865569	-1.3146838185975	-0.573516407339318	-0.294933864109484
1.54900016029793	-0.346122486687545	1.11656641829406	-0.65271144103658	0.00995830446499034
-1.45442308066274	-1.27131767911544	-0.10758563922488	-1.72047732510119	-0.103848971737502
-0.758684149467907	0.873861933082577	0.394378345905667	-1.43453261046424	-0.721051361650423
-0.934625792837746	-0.373351688127924	-1.79841742694928	0.339940717424874	-1.85901350493406
2.27260600264199	1.98478090496064	0.0965299843552528	-0.0222805201561918	-0.228379641621914
0.0258704199923289	-0.377707864384082	0.027768138705249	-1.42142943029028	-0.996590599231749
-0.445912741297023	-0.0980066437680542	-1.36315792126474	-0.874856306099655	-0.0841961689856495
1.4554190490002	0.74289262352909	0.68409934519822	1.6884765543714	0.645349924246477
-1.07787877077493	-1.53363881762967	-0.67500259077434	-1.85348536017988	-1.03344900082459
-1.20189001884832	1.25538220763265	0.608181187891747	-0.838223916799751	-1.30145091560967
0.3694558032388	-0.847303291774222	1.27071953307204	1.63125495294998	1.38424067510796
-0.243870535090557	1.16184030454797	-0.0827386958524637	0.888188535564131	-1.79530552117156
1.695973859418	-0.368978944549987	0.227697587211538	0.255085588112819	0.710597625216519
-0.783604563364225	0.844693598288789	-0.818497209886319	-0.269898647982132	-0.461841612632508
0.0511286261426397	1.88739425441796	-2.06994991050832	-0.897134249440186	0.517445154953967
0.734467004648671	2.05209499571202	0.858700637392598	0.98080684221764	-1.55070812799655
-0.446386900395403	-0.346086106388441	0.0372537620513807	-1.28807021433984	0.432215655365907
-0.307424858385196	-0.349200261400407	2.00557273542262	-0.334513767403622	0.636268179695359
-1.4367742040618	0.296418596848857	-1.06512512635434	-0.86797255470573	-1.01886391595708
-0.364929087866068	0.57102324808086	0.0106718002559753	0.0265490298697753	-0.00343983575156484
-0.811167549618559	0.802378646652166	-1.50046656742128	1.38472711646456	0.7122007329684
-0.397399586369987	-1.25353254061759	0.036811816497434	0.558141541188871	-0.818324949395482
0.372680398271143	-0.719224673668213	-0.517778450942816	0.0972862674369574	0.861325058717392
0.747948608081709	0.47224339805674	1.87383310108491	-1.90316663024452	0.0381079989914726
0.471831698130722	0.363381162670618	0.106800131951404	1.28487691411059	-0.0596548153890727
-0.210484612155094	-0.557825010275664	0.167954770907236	-1.62926566840454	-2.27239198532482
-1.47828647663198	0.439279995375908	-0.547427069482684	-0.191664190393243	-1.33799252952336
-0.908979390299865	0.660272869621956	-2.23311366818379	0.622755943724463	-0.280391557932279
0.968553798955213	-0.341187246222318	0.921065898565933	2.1496106419201	0.26942707522802
0.50505115681478	0.369544108198291	1.05915786358457	1.28551222337788	1.93460048891553
-0.288450092238997	1.9174073208441	-0.192730428286119	-0.862658253632298	0.798572270077984
1.80564731320489	1.48013989737559	0.585586809803765	-0.931432930548275	-0.139202954898471
-0.338019304698385	-0.431139205696266	-0.117107584956067	-0.925335333370577	-1.08074127556734
0.890973930775503	0.675073139309186	2.09838325781816	1.65860612044481	-0.544609765337351
-0.296336206721122	0.293210004016822	-1.07855683545283	-0.290780753625545	0.0200180541782686
0.411820181063665	-0.323245987356201	0.697352450358723	0.356566567713626	0.371400228187666
-0.108286468761054	1.2754093866137	0.936688755922878	-0.552034514554037	0.790984143490221
0.0332154109176504	-0.927572046895645	-0.284426599303654	-0.99932098238706	-0.914499736537072
0.622960972129508	0.387781920040212	-0.254118954278007	0.526452119565857	0.69711719618603
0.510317873374453	-0.588304160050319	0.995484661065372	1.29630877923998	0.52450529277001
0.154891847004704	0.461192547546341	-0.449252373049786	0.0381221211949935	0.640358309358354
2.19640823453205	-0.633616202250808	2.27119024317312	0.115499191529098	0.0741600515148278
0.328121185080808	-0.177917002795233	-0.0310537902917567	-1.56814289530669	-0.0436578798497986
-1.06372429696785	0.0570427564283028	0.923625876860928	-0.529690969118103	-0.171357508061282
-0.309416365551357	-0.932474005256941	-0.176245543899284	-0.506722043744641	0.340745104405146
1.27452589185004	1.04802072733103	1.12377922082697	-1.18830137395055	-0.130972728938238
1.54516200245148	0.0839272546374019	0.57211597805619	-1.31632831371269	-0.730010607544112
-0.917512319539698	-0.377382404951167	-1.31856378433477	-1.23865041580769	-0.393874445215603
-0.887983627383207	-1.20623224303568	-0.793301139085635	2.16328251629425	0.474207826188107
0.0240520506899439	-0.0740990823729184	-0.339212187242123	-0.474783746650745	-0.232174746278877
-0.502045073712	-1.26104675324757	-1.15456961131385	1.2704060551304	-1.7831566166771
0.238404925429862	-0.0227410121513111	0.387842713494965	1.15937358008621	1.03983762561162
-0.381447799525455	0.733852697074443	0.539859304549504	0.267432621598223	0.0770103535868139
-0.253343626212656	-0.8547363239337	1.05399958726661	1.40237777755442	1.95949391639601
-1.66200030948267	-2.6967454280502	-3.04414638818436	0.325630738476522	1.98017303361969
0.0137117412124286	0.447327171967207	1.33278111829903	0.343055038520999	-0.656270676590196
-1.48631334960044	0.778186825593129	-1.56472378012173	-0.611420218836453	-1.14727340459087
-0.357153416942342	-0.263444978980829	-1.45900918008481	1.57129805367261	0.374683227539424
-0.772670303809119	-1.85426706974223	0.389922280357225	-0.472288675846228	-1.79588226058424
0.730186416774981	-0.415044390836759	-0.215610720767802	-0.346595830687629	0.295989102184933
-0.734091032856099	-0.70412279161491	0.264037800046599	-0.422837891647524	0.0870853887309964
1.06636798368435	-0.398615917407169	1.24636354188267	1.58583931504442	-0.366000712142314
0.0228215700107556	0.207505043352962	0.906344360814317	0.137646864601405	0.247812188863798
1.19732091831913	0.936370423525166	0.553821298176502	0.467960972674704	-1.03784870961088
-0.805782494148713	-0.750337777543671	0.274896319299417	1.80353365879019	0.228558101843795
2.48359115453644	1.18672257909229	1.05642575847505	1.11008620444383	2.43377840550633
-1.83437991305483	-0.56562141997614	0.640873208099306	-2.35659097259729	0.402554475517996
0.971809805062192	0.971953650739814	0.233245153285845	-1.76657356549737	1.0035323419619
0.428408814045813	0.876495830928108	-0.971271899102199	0.529529100406979	-1.23505556334986
-0.35854085957796	-0.678226331843501	0.786427648928862	-1.18815103197653	0.0792434487977459
-0.398581464872686	0.215334417700947	-0.11014813763404	-0.261702858121875	1.96370457916954
1.08801097756334	2.0237680822297	-0.779697122291453	-0.50656550454118	0.77490412182253
2.01689921650123	1.44408151426893	0.644586731971314	0.580326000652131	-1.44709302244361
-0.185145809709671	-1.44588634896278	0.294643630486014	0.0291968917385121	-0.305259534958422
-1.95023457900847	-0.278853328580533	-1.78300799810726	-1.4486984683272	0.412461647543088
-0.551598669965562	1.68778196502094	-0.172960484261019	-0.228646183636399	-1.82677237811791
0.0109132485130658	0.334811705698869	-1.58762491976061	-0.807727529868109	0.245808914767491
-3.01818250147066	0.0318957937903003	0.0667394255658292	-0.100430980956652	-2.15437308505549
0.708423361444791	2.27526102768571	-1.10704043750352	1.24964867283832	0.486850573373377
-0.514272522364921	0.0114647340141535	-0.84857959826596	-0.122922483642359	-0.0802379262577798
0.596630385512552	0.766641418519706	-0.581452378455422	0.985219331843914	-0.8769257846521
0.371746740704365	-0.522522932879385	-0.211392203866609	-0.570993671440415	2.32383392357452
-0.51279623087474	0.759299049693551	-2.26081740828335	-0.738556112786276	-0.603319773476645
-2.46063176311152	-0.753825705698084	-1.06846258564892	0.622157033048115	0.0604445873514399
0.643198840088917	0.584468290365598	-0.643733406471816	1.28963925947338	-0.31006564177006
0.557536439530604	0.171314045373796	0.0681164089026036	-0.18824516088948	-0.381567105327737
-1.19311729044705	-2.14677539751837	0.454561867524609	0.489182078069088	0.777462487132393
0.289983668582964	1.26430010075249	0.138827152007406	-1.24709729167442	-1.79836721864926
0.320035008189526	-0.171436019652027	-0.638467889544084	-0.286839390996601	1.66770938754234
0.254554576173091	-0.164450670900776	-0.0873469633269105	-0.236907668887208	0.155868922929064
0.0320194396902473	0.438475782780787	0.544408469476821	0.227883160837171	-0.504302058655207
-0.93991130109276	-1.41634954780468	-0.00551859240010864	1.63893173194055	-0.338716909454857
-0.37161909732699	-0.794015097582341	-0.798534075183101	0.944545033678693	0.336048020023344
-0.838307017569013	0.892739613618776	-1.20153727095081	-1.49481971727875	0.892345456737038
-0.396592897959517	0.595890064274526	-0.212296826239644	-1.66917943897794	0.653888282109958
0.824093653420509	-0.370985349201382	-0.0720086960531281	0.689453012050796	0.154269895515285
-0.431008475611657	0.19601737994773	0.0106382425205611	-0.832369308372683	0.364993456162487
0.335881507646037	-1.14744413629186	-0.423342736110976	-0.596220951601622	-0.886432527381763
1.75972808317471	0.615826655596467	0.916254439208816	1.71549234242931	-1.07160435880763
1.49193320367774	-0.381285083010378	-0.313382877296923	-0.163460887706084	-0.842402521116116
0.0763031150483592	0.655733651521118	-2.07993036345261	1.96739071734266	-0.108906432810761
-1.70713214535486	-0.710125011325612	0.559875843675443	1.91626374994726	-1.30257247072905
0.164207690558511	-0.596488875446915	0.461739505370766	0.033159129897481	-0.452456246753944
-1.42940583920329	0.53723410229761	-1.11543052624442	-0.713716732988429	0.382969434655669
1.50859707053706	1.85892458768106	-0.675546568832369	0.157284263332489	-1.24114471120601
-0.444019239269285	-0.813279763171035	-0.224795757078409	0.445077953448879	0.224213172930488
-0.422856379651951	0.728516282133628	-1.34270805344827	-0.137350906189315	-0.392364092143244
-1.23284280735044	0.851534172282913	-0.47284538935982	-0.375590613681521	-1.14194771620611
1.38622618459897	-0.464857949104405	0.728461363987855	-0.168279794557559	1.10724730587716
-1.31282244194677	-1.1263835815031	0.530556025579676	-1.85221513159074	0.980341368829982
-1.65694266173688	-0.0292728225806187	-1.50956794873781	-0.868549635048954	-1.60435393256268
0.491650753489994	-0.598796482976822	-0.0755150379613829	-0.590206586115665	-0.213060744478128
0.794490886243224	0.822207504658106	1.33491371672974	-0.571240382015704	-0.0340285236749924
-0.247098407673697	-1.06733413176241	-2.3003612728713	0.724306536207328	-0.292800307638912
2.0459290305107	0.490972596479542	0.374973941933813	1.47936350787242	0.0847697202719608
0.320239038264213	-0.105718457050593	0.416462741530025	-0.943136763581998	-0.603173998574984
-0.593520298849567	-0.724657501440004	-0.494754244659593	-0.795861973207153	-0.391903095272219
1.81341013372019	2.11657996904968	0.303237707589714	0.192400185680848	0.626125707267399
0.543549260835956	-0.105369995980844	-0.857518630175178	0.806317564332606	-1.17550521755193
0.790554471552383	1.32010876472085	-0.786993082976457	-0.579144343034505	0.325755682458098
-0.293052053238389	0.0872924769462174	-1.15341414252809	0.56842405728196	-0.722188011670785
-1.53601384372176	-0.365511245263936	-1.17234129153459	-1.29540457226798	-0.920890152230607
0.904493578304264	0.772717152625744	2.08235985804448	1.26501056880223	0.920658963505123
0.593716044931143	0.941214936553747	0.4713744353264	0.542606547268436	0.354585883204919
-0.781442144984789	0.169276768285686	-0.302321230437447	-0.968209121232348	-1.00189357429404
-1.24976046244606	0.481273259459046	0.317781899950579	-2.11994817153337	-1.37512808462864
0.846734338021089	0.64737745085742	0.381560079740408	-0.683481375862906	1.15080630292147
-0.831990774971124	-0.87490957690845	-1.36962645180123	1.67747764764447	-0.0907499346916311
0.382200368679174	-1.64195217324279	0.254411202019825	-1.39143051687654	-0.274025633653825
-0.612188646673316	-0.271938633902271	1.51465538865777	-0.988844204401759	-0.570624512284202
0.160023690271328	1.29771490405836	-0.248752709157965	-0.718015391033258	0.599050618321103
0.422047247362405	-0.0508021276314987	-0.593233791281995	-1.04859454293277	-1.09243013748677
-0.594914080293252	-0.35640575991112	-0.829142819099066	0.400863767708082	0.454225236025569
-1.10296293720288	-0.0137983038128656	-0.216783827427812	1.21937054962439	1.46439550537519
-0.275007242093299	0.782416998057417	-1.64281890412996	0.631870944878537	1.80977024444155
1.20425592203731	0.529654617913752	0.445048538501906	-1.97275859787862	0.392068251147926
1.36760707925834	0.351404123988347	2.68341124432743	-0.535335752871552	-0.14184230112744
-0.137768957941526	1.44698949201188	-0.773783322253389	0.884841846998615	1.20477126147806
-0.408033465109595	-0.497152425222883	1.17839590051343	-1.60910840565761	0.847998780647823
1.7314380509971	-0.305534964300808	2.81780278721773	-0.822787721344097	-1.16515186208873
-0.160368146593478	-0.990245360471929	1.28390314984445	-0.518485124934642	-1.26475389326434
-1.8950207948872	0.0987193571969476	-0.406076137072168	0.546999710785	0.305139139122809
-1.28103399106662	-0.681122706353411	1.08788254482317	-1.65612156996297	2.42016577381455
-0.384239776989209	-0.955702982078298	-0.551385999700364	1.01536549038566	-1.46299985016189
0.618272061257677	0.705911668193912	-0.439742440578282	0.997512274359778	0.77858971753414
-0.0860655883869717	1.08756370771784	-0.274268250408332	-0.259612407132054	-1.00903131833272
-0.638097598730425	0.822922462419329	-0.433595351339168	1.18446439437319	-0.202600797561859
-1.06064263908834	-0.848301411989159	-0.432210040290444	-1.4172940555108	-0.56797649696681
-0.503364022255418	-1.69065394274108	-1.34111257504309	0.622252673522007	-1.16106270841607
1.29455124918646	0.478658113899274	0.228929500584947	-0.381190265101009	-1.47712536364131
1.95582725723407	-0.265996496433937	1.27785840124548	1.35524070414242	-0.470192734603834
-0.112738333703927	-1.12752536116087	-0.156359570821893	-1.76892624945208	-0.262487616775142
0.190173783781321	2.41403411913828	1.56844388742777	-0.28856491227866	0.398385333514865
-0.946048206283429	-1.17375048839927	-1.42690064461156	-1.36684343576956	-1.37891077104813
2.11399315316255	-0.192719967587248	0.841388329043525	0.182440786563497	-0.100860102033608
0.392946981771864	0.435372624939232	0.544183594152486	0.626431046244962	1.2446053787488
0.275588853248702	-1.95248974427915	-0.297605290997701	-0.373907665688547	-0.418315936226691
0.583115911366122	2.4777871794955	-0.677203882132858	-0.890675605904912	-0.939123024261587
0.742637339013492	-1.13827137238274	0.535915211736845	3.01829364969211	0.434640183797357
1.87545970334044	0.42649913772852	1.47506361007371	1.64699998948865	-0.455996006194155
0.480949553826904	-0.786777443181133	0.152369115458351	0.384942261639782	-1.13078088649722
-0.352869804283117	-1.4330667390991	0.600084370842238	1.5952645174819	0.439813028325788
-0.171272141676567	-0.520336650483476	-1.01834005994123	-1.05148767206107	-0.664188832541543
0.138128326043227	0.850666947358362	-0.0403588366300289	0.322425153389649	0.836800581732193
0.0829500868779579	-1.7204366512544	0.0285146168299741	-0.645074170990363	-1.39466228885813
-0.71596133610999	-1.08410498990945	-0.406681731298484	-2.16751782010098	-0.948846280700603
-0.270052082566016	0.305387380361271	-0.981943250651279	-0.933431245274722	0.158478014023249
-0.0799494651287926	-0.075733565049172	0.564805751727283	-1.5905342998711	1.18432835433175
-0.975977572487271	0.190986562525402	0.0996272375951652	-0.525426030879523	-0.289551932536376
1.35694376924764	-0.12819897483164	0.879402037302974	0.223947074714442	-0.212752577950357
0.791309688324665	1.41030801208382	0.240963903756301	0.118931819940343	1.81720896215094
1.46716534148994	1.19784038929186	1.19132735620484	1.24273588170593	2.29189735485084
1.10872201582243	0.873234128638884	-0.348058401620523	-0.29355792877843	2.33648652864042
-1.09685261164261	1.16541674268928	-0.724930284101174	-1.04805692433739	-0.561771322572536
0.406747771184894	0.00883352214397948	-1.66588279714719	0.301852698190859	-0.472049979468605
-0.636822891411919	0.133869713467213	-1.79454223807394	-0.135276446623001	0.712771811863543
-1.1935226472905	-1.2880641730383	-1.56399396554852	-0.534713834979662	-0.639801467536434
-0.229982068639015	-0.46481559811365	-0.479865933558818	0.612457330594556	-0.166734859290533
0.631393298738981	-0.26736887003444	-0.426741724505762	0.237769313524352	-0.271892275745412
-0.174471313224332	-1.68957279277717	-0.302476040064436	1.55276217163546	-1.94397679395028
0.851757997200999	0.448632556139675	0.720460225311825	-2.52559853650644	-0.454627572067954
0.535178511424072	0.541142345899478	1.71415683167036	2.01762809001674	-0.658401966683346
-0.359482682694892	-1.13036172763287	-0.212284097378735	-1.41090580808987	0.207376501422456
-0.576365998563593	0.133592501437913	-0.258907056812307	-0.203843846238206	-0.791222048935579
0.855140835250276	1.18711288333737	-0.200794307108537	-0.499280300374292	0.194617339906133
-1.07375601277532	1.25184681647344	-0.247940653141432	0.0202417982052329	0.252846545051164
-0.213933879363086	-0.928367039379417	0.919286759992912	-0.906126808531243	-0.723654131078847
0.479884387800519	-0.319291467149888	2.12717098687267	-1.89877428665119	1.10905710143973
0.19884585730957	0.864202452068456	-0.19252242968198	0.285529064394128	0.58408907168182
-0.329151986287802	-1.86166591382326	-0.222632193160937	-2.1855340103965	-1.20032618680715
-1.497910601944	0.799905737773182	-1.58869457939871	-1.20763837801953	0.377118737338122
0.0950274756797621	-1.30715301413149	0.476658781595713	-0.817735285026624	-1.59334205181963
0.224939451423297	-0.444064517794555	0.643368381545335	1.37984803602899	-0.570751084955023
3.35523630893636	-0.037185204412025	-0.118260902831193	1.26357312414354	-1.17989024359202
-0.87195430481697	0.149893472023694	-1.44652377520424	-0.321792665913525	0.945690960021915
-0.383936712538137	-0.0787403606221263	0.753111823747461	-0.0297369961884141	-0.176691578186662
0.185130167613535	2.16714586533255	-0.529883378989359	0.202026821226316	1.46433333738483
-0.711195630809813	0.110888097858629	0.229012504816864	0.517702414477098	0.632703395268943
1.29995394661038	0.326082128691286	0.336966852870425	1.74683030616211	-0.297456869565217
-0.225193235509176	-1.20482435311886	0.144571735653267	-0.472721089617786	-0.47950174047319
-0.138394542325607	-1.14532654398362	-0.135116707803733	0.763951775012592	0.15057687862619
-1.0459795105691	1.15639997572667	0.327195389597862	1.14805616927825	1.37424998526303
0.11232510939794	-1.49101053196494	0.1155078907513	-0.554493382238312	0.325449909134574
-0.661289770440791	-0.27717781849528	-0.151014676079571	-1.26768093779316	0.125139954462973
0.420706947219105	0.13641371529381	1.78182025566307	0.530262795143808	-0.668773440973909
-0.927250212681066	-0.110411708534719	0.366188121399997	1.60298625688808	-0.372035691470603
-1.18881378392399	-1.04953732631755	1.11428002396922	-0.145028379100521	0.311054642173811
-0.0110949095276471	-1.21002972960952	0.803525935514102	-0.609045869134388	-0.8290156289697
-0.0792178894143107	-0.766952619825159	0.0918259017635732	-0.324242244220573	-1.78427703763296
-1.9335255659157	-1.10714576339674	0.0183133988634705	0.169732580799959	0.720548471661766
-0.168584682244958	-1.73525644008054	-0.767498355239491	0.48443518171723	0.345829005716051
-1.66326088737648	0.257496719336994	-0.657041255994146	0.487167117811029	0.00515653438421015
-0.981513301206605	0.944426277487329	-1.06073149177641	-0.543797087927296	0.755421405911467
-0.980018812110665	-1.25305641954911	0.0827778806953519	0.889089262522023	1.44156754233082
-1.18025089653553	-1.14675716936692	-1.07592611016679	1.42912187793737	-0.652195715519581
0.738666903806939	1.01113838989702	0.318556931532888	-1.24453009883423	0.153814423831819
1.22797015220709	-0.977257544950417	1.5128003010381	-1.18891741991208	0.43756551036078
0.409396902452628	1.39060642078516	0.97764059243935	-1.17899454262735	0.909459903260431
0.370307117223855	0.163769609629099	-0.0434874455070613	1.10928674670006	0.303087653888754
0.0450193981516573	-2.06532008765107	0.383856026646938	0.969347458304665	0.410419514948348
1.44882677367707	-0.182699144378975	0.526626677455309	1.21570684776721	1.38123535177727
0.45491201581573	0.80195832771259	-0.0822327357856383	0.663824668037032	-0.475842876229281
-0.478563079576359	0.2975625947152	-0.055485832622392	-1.2132033231406	-1.30714322264793
-0.764553057239478	0.800507798093205	0.929200188668265	-2.66538058677771	-1.00928103740038
0.256161533253134	-1.7517353457497	-0.130738826897056	0.849589426818614	-0.558125617296376
0.995878483728694	-0.578035078115394	0.63569089563008	-0.414840917524078	0.442950697189764
0.725426612262802	1.63488275772612	-1.3361518672869	-0.44900424596047	-0.78598472210327
2.30244681344958	0.221086057438271	2.52282240834036	2.34493134718844	-1.67286164963513
0.542419362584764	0.53477586773523	0.168879392437778	-0.863369968590622	0.980331520754946
-0.592095116250766	-0.690726761007935	-0.716809136216506	-0.331311442052051	0.0583858341930169
0.374506022755786	-0.849736399836626	-0.999230636545906	-1.80017148310381	-0.643083381857148
-0.315861685108437	0.673678416915246	-1.31110733761203	-0.165854863831852	-0.253575703436337
-0.65648192978467	-0.326560401148428	-0.415572650268174	-1.21219863204151	-1.01847610950287
-0.255347913799435	-2.4195830183833	-0.336183264461275	1.83067728212707	-1.83581231052764
-0.150382083109216	-0.10772301614723	-0.76487420719759	-0.225779245049208	-1.43877200640284
1.06526245826424	-0.0508633024444214	0.0240682245367694	0.628474278388709	0.744323369783966
-0.817072573764153	0.0357242281404479	-1.61237390745301	0.199922798578597	-0.146937827511426
-0.432022248341212	1.88857731308257	-0.480265840240655	0.562218189430628	1.43571428636865
0.0500743458508985	-0.32569873348899	-0.740963991914611	0.180393974441676	-0.159085855016986
0.659129685298862	0.882863276522042	-0.255800213117437	-1.1626672950908	-1.61055623014173
1.56000766788892	-0.379481722532291	0.565366448938545	0.89770018123962	0.255028076201123
0.00191490430013785	0.274632323416513	-0.21016533590311	0.0853514604704698	-1.0701308635307
1.38133293692748	0.690331157617599	1.6952926726261	-1.02484076426342	0.0700671030146743
-0.835769782617457	-0.333912769741987	0.344981540400255	-0.413485216446706	-0.693636576863268
0.362098819248122	0.817048328421055	0.81702918194968	-0.605954652562136	0.978375860853323
0.316873612743006	0.353682908815492	0.509078072840486	1.06590062573881	2.32353460412963
-1.80549704198061	-1.6592166649268	-0.40247476941917	0.977824934100093	0.32982082973341
0.610455274130033	-0.609266744223078	1.80893543943449	-0.145006603731206	1.30376852336099
0.13192455200858	0.0273227936928107	1.61542437229998	-0.711440372407634	-2.31634322878933
1.77373866962971	-1.25715655316257	1.16299016111749	0.875843835887657	-0.61187759664719
0.159458822271206	0.311157641577095	0.132365721501223	-0.721731729877177	0.6810915066534
0.577802943343225	2.22861995616851	-0.435518424435716	-0.0643300102836081	0.61735085418642
2.00367273324284	2.5610001552201	-0.456417618215251	-1.12556544478227	-0.213292105924201
-0.167678249402688	-0.358194315066356	-0.485091940439648	0.209013863817893	0.383613614123824
0.448046483707163	-1.13265381092302	1.49496016839657	-1.0036292522778	0.915307558324826
-0.0583825932981725	0.620455995319246	0.0743463376602036	-0.621407643700198	-1.07911614749174
0.833491326668075	1.06324408060012	-0.467821698499404	1.24298054176344	-0.691445802387349
-1.71935033477796	-0.605155435888858	-1.56922623188606	-0.969642868585597	-0.185197082686655
1.60422348954788	-0.379411490925061	2.31299013129972	0.316132553511349	-0.1615033264725
1.3838137699163	-0.144756254977377	0.543688914149681	-0.366753644636143	-0.386764867753203
-0.888793250092102	0.504730610272253	0.331346941342601	-0.0266862641637742	-1.5188925698196
-0.396539675514511	1.06527259673909	0.639847453376848	-0.640478698162248	0.928312924626074
0.0598401897283215	1.57491937387783	-0.83734773556873	-2.33403579365189	1.77773605897579
3.14734836048032	0.999786307576792	-0.232758285035683	0.468613298200618	-1.84473167838085
0.5222702025645	0.934640397271052	0.831290806727734	0.718529792313163	-0.15331007453741
-0.190781042367826	-1.14845126291057	-0.293407695610053	-0.887262375833569	-2.55178122410376
0.443368125040894	0.709730503288316	-0.448069599279537	-0.074834352054197	-0.226875670418093
0.784004857477175	-0.147796761095936	0.248597255043316	-1.11742866508436	0.909900104858691
0.0117734573200707	-0.496293332844115	-0.751761697249195	-0.112532478617654	-0.313947520783416
-0.20680134532534	0.461555410702583	0.243604957969348	-1.36693907027848	0.886487823048247
-0.15937851487178	-0.759614684042003	-0.164782191555726	0.862970990010772	-0.493397265798605
-0.102598568560067	0.716432447862746	-1.55443710750309	0.569854587897307	-0.313777061451107
-0.0241058209802272	-0.934340746517951	1.10541789516141	1.77348053048583	0.975334204325125
1.10982993321882	1.12794125912448	0.676079095357058	1.28444115511819	0.219549647182838
2.17742708115933	1.35273414866668	0.605938193122808	-0.428939986690722	-0.981856990448893
-0.709759032157507	2.93989320818373	-0.519645964592777	0.32869587015379	1.69466650784532
-0.760629354958138	0.676880358060965	-1.94107114756388	-0.354263910677892	1.51569498810216
-0.54794166582694	0.471980904279461	0.381783277500243	-1.76699667236631	-0.661108693383774
-1.21948251171984	-1.6651590860049	1.39082635600045	-1.64742134954462	-0.861618190064091
0.941168744634075	2.06413135464595	0.731307844064079	-1.05670022486576	-0.384882965745353
-0.28263932714395	-0.387906844488298	-0.379866870181782	0.403584475929318	1.37267234744239
1.38123914729644	0.374451912619607	0.282600906476021	-0.156132812125931	-1.33548459876129
-1.68542698426542	-0.452700141768518	-3.01897699195663	-0.799922783348657	-0.168186726824566
1.59887901923717	1.62418695547934	-0.501274266942452	2.03058409257642	0.0351202424015951
0.349263923095896	1.34887167638363	1.580794570403	0.0931664791816315	-0.522559155143004
-0.403083387256767	-0.414970054434569	0.940825482817007	1.59230245018485	0.596391677394981
0.22328174554857	0.396466620473332	-0.571985894284518	-1.68580984078711	-0.151648071662243
-0.853413613236901	0.220208246249354	-0.833083866607077	1.09141835722024	-0.254235428936559
0.467471594859083	-0.025093419277624	-0.278408856298561	0.970682985421285	0.958854238418366
0.58225382925892	0.546362992490355	-0.461179146145098	-0.0438276483936088	1.47594852579489
0.837735137556848	-0.773024123945313	-0.193073924014252	0.381783573210225	-0.0522920737714659
-0.9822866341861	0.480533916437624	-0.118614719551731	0.440043281775152	1.24553379946332
-0.200433634630181	-2.21095399061335	0.271105484171335	-0.248381413388366	-0.797942029468431
0.786175341242395	1.06726189011361	0.071620985696608	-0.079331209824059	0.00569401020134579
0.542123207298806	-0.492123942736306	-0.0365382345227165	-2.81886548033295	0.27112758568859
-0.0568976197929693	1.41441185836082	0.689513190063968	-0.65477953638249	0.658611972930061
-0.0363690205248784	1.16829490551356	-1.07922368337553	0.279448041376941	0.413759270412508
-1.14895174253534	0.847684720154756	-0.29724715339829	-1.23384915384482	-0.29146356014622
-1.81737536418898	0.288149338806587	-1.5909542583422	-0.631840462032676	-0.790625759845444
2.95215240179427	1.0457096546811	0.398447200425445	2.09831337624327	0.573456409129655
0.112254945910468	-1.26795007457234	0.333824285567329	0.978264677588346	0.241522789712949
0.660312039279876	1.22320339867647	-0.0384804164371608	1.32006289052685	-0.198375515289235
0.48612021547899	1.29244935757005	0.178641150939982	0.6063690773255	-0.521778476193695
-1.27699089322439	-1.31951279776425	-1.1439392742579	-0.520788348382118	0.908774786403284
0.714866087294358	0.983951825799271	-0.334730845611186	-1.26539880747692	-0.0434445284929927
-0.00616952598523718	0.309693164262804	-0.0458163286479312	-0.752821215284202	-0.603826294539274
1.25419100254705	1.44095638627521	0.0374974650288907	0.950655592286444	-0.793854987012236
0.0565511803490583	0.498166670347493	-0.948971424643257	-0.554182574726547	1.08740089421629
0.319697763562287	0.249546008589626	1.7243145053795	1.86502666251465	1.26166315045929
0.352471756544157	0.259609063154726	0.533074498119613	0.211891278667882	-0.148872618208456
-0.878143469836643	-1.40925930329463	-0.694895339855963	-2.03717023449787	0.373665339830258
-1.40543486748618	-1.08623477677614	-0.351013994221287	-0.866955394455895	-0.164366890426174
-0.327274769847837	-1.07149933221149	0.188500237269505	-0.00234598400274259	0.295185496235905
-0.570955695462492	1.01188395934127	-1.53240132492001	-0.0609839886195004	-0.348651440495221
0.404715133181812	-1.64133907047162	1.76437494739782	-0.345061864726584	-0.352633460318597
0.0645829638376774	0.329128438282864	0.386428317308466	-0.718569201886662	0.614344237797516
-0.633183818307774	-0.679677932910801	0.130931141482772	1.4710886237615	1.60202031212147
-0.021490715804567	-0.23478632076937	-0.853852421611596	1.47953859904791	-2.36476653105475
0.655910346337408	0.849206502928164	0.021840627923222	-1.07799401900283	-0.819364963709377
0.286709136994022	-0.928787623574546	0.632139818402226	-0.854841838670877	0.214362484390063
0.813157080549648	-0.323718927009942	-0.308167342390936	0.115459182919505	-0.300977392316936
-0.626033254008221	0.122766505855447	-0.742857534643363	-1.40853019067803	-1.85138196491497
1.24851037967342	-0.48580154028852	1.44547069653561	-0.916454722119036	-2.053399150107
-1.14834664487282	-0.555417742805281	0.336462709586241	-0.0385329040681638	1.16705057582905
-1.92550413232456	-1.48667133270894	-1.58581109718672	0.754356829982197	-0.439515028079962
-0.228584468587268	0.69130160555443	0.664165438977314	0.320853990777563	-0.7397104341322
0.646599361285713	1.35233325766664	1.27687208758621	-0.0343870206026758	-1.12221260648517
0.240234245850143	-1.43366072210862	-0.0842589900681413	1.64116751567025	-0.556444296271637
0.921252884941702	-0.413110394950726	-0.193695406984689	-0.190307696607879	0.816921932497912
-1.6155762850711	1.28585994795327	-0.0266153125445236	-1.14135931820661	-0.425969741570209
1.44725963537412	0.424971796555955	0.927435682462027	-0.499616313325794	1.06367048819317
-1.41651733734687	0.173162138346038	-1.22770192689201	-0.0961822715374865	-0.5827593856374
0.499361092094096	-1.04752864700177	0.939825423818934	1.69192056069998	-1.17635527036158
-1.07075556948484	-0.0839224747260402	0.286369106853414	-1.0035654228423	-1.12092568438402
0.293424434814937	1.2709720331748	0.45539925306468	-1.57610948735573	0.65968717379982
-1.28774076230322	-0.255354089795301	-0.588467319237463	0.519703803769612	-2.25965918313599
0.521627805194273	0.48421577352173	-0.373778133370905	0.0131333041354247	-1.22409836208779
-0.920226871065681	-0.111219214658222	0.689588447247646	-2.35196178530359	2.02826566249824
0.0691751973304081	-0.38616405574207	0.130074939017708	1.3351092333249	0.178748225783586
0.78006136566914	1.10153981680761	2.77028122844342	0.955884421225269	0.035522698814754
-1.67305413645026	1.51672015072095	0.130452537386819	0.509016896509788	-0.243608606219806
0.05606915696244	-0.17391313694386	0.265860124669544	0.0836104845750111	-0.0533311347920593
2.81156770981525	0.802659420186354	2.00982800887582	0.906968050667747	2.08521506197883
0.617507834111736	0.836223484899562	1.07833769421953	-0.0775793444469925	0.0425576409248756
-1.1910021318741	0.0441061029225224	-1.49028057477046	0.176703458106326	2.07563098930197
0.233554758298029	1.51955208912177	0.546858011534809	-0.570151429875086	-0.548581805327984
-1.559658669519	1.61432791609735	-1.3960116850125	0.477351738046602	-0.772846820933956
0.0852358113859217	-0.718841202321676	-0.140785114257546	-0.701723276320794	-0.772248461805707
2.0919977043595	0.224754161509324	0.859427970966676	0.311515482402622	0.203443407217817
0.464342191187483	-0.544036081971925	1.22958487921611	-0.39685819041499	-0.712175822350271
0.103322614835205	0.549633559608505	-1.99747655103715	-0.194900548589453	0.716239732803466
-1.18884706843536	-3.88946360387667	0.31996092140479	0.409332255084207	0.051551561440798
1.10007547820917	0.134901540635023	-0.20202008743465	0.51851201878365	0.0474461197599441
0.94925991900915	0.784339619147483	0.898420816263893	0.172266407094985	-2.8680604775089
1.31933579209716	0.0373726759961306	0.915437281549826	-0.777137232149856	0.66262147714722
-0.699629258948903	-1.02739711124095	-0.372909089908451	-1.96089111367556	1.10446150545852
-0.372132145318832	0.0771693047242548	-0.861129401585021	-0.731627667194798	1.68548095080606
1.13839320734249	0.891532988201511	0.0228075288080582	2.00141920611329	-0.178677926539057
0.0399955144800083	0.106919913211126	-0.268257565677778	-0.568531626104314	-0.250757592877458
-0.193091751763445	0.204058093488565	-1.69224031119392	-0.507265373235129	0.722247675669216
-0.0281490408659948	0.0843841930893441	-2.11687525788317	1.26527583271041	-0.844005642396023
2.1643821620573	1.09197327351	1.27322745974464	2.01495015975524	1.05521905268454
1.0473241034701	0.378485389760092	0.862224628229605	-1.229780676864	-1.76037931046757
0.549603033266854	0.88225902455849	0.323887388787725	0.215376698548221	-1.43211161328566
1.34903281609172	0.0111068545214086	0.867522039193025	-0.0310326825177137	1.82499062207919
0.435639874222875	-0.315039018672466	1.27722064919328	0.332543926574275	-0.782312810700112
-0.415222049829637	1.58338741827237	-0.555587344379121	0.96294721497342	-0.90991748647645
-0.160722168815185	0.508333358164067	-0.350279730415156	-1.78368987957154	0.997910620746751
0.982284727467217	-0.795191322529164	1.40084334870579	-0.786978839852105	-0.673687900356185
-0.309835251718819	-0.154444338720631	-0.153667424415069	-1.18925510773543	-1.48438611818036
2.25794144759436	-1.20787148089925	1.0548036560976	1.21433188462642	-0.254135294365646
-1.41190042442573	1.20558204404345	-1.3178550156133	-0.0680105263782055	1.19510284699173
-0.267188167114676	2.01817948406696	-0.970590446221216	0.341676995129518	-0.554850865248419
-0.279062315109649	1.22442731539654	1.69464040160983	0.158198521607014	-0.278281350624278
1.54118264659481	0.125078022308386	-1.34614068710941	0.132936214081737	1.39201479133142
-0.502365947370079	-0.259369642946923	-1.41682387957325	1.01451856101293	-1.5544508921352
-0.356043629143943	1.76295167145072	0.776048836895032	-0.711527746787182	-0.0473772480568605
0.230017312953484	1.42300585043532	0.874688992116842	0.86135005247848	-0.0237717656767203
0.569112559309234	-0.75728762208823	0.539867285431788	-0.559075531382718	0.709743429809019
-0.148988634862486	-0.810158748925145	-0.278390132981736	0.338347939025207	0.742854627080572
1.79531162437673	-0.788280692118549	1.58541372764349	0.0793388426097302	0.505025685723043
2.2416584542615	1.64039778257912	1.2158183859141	-0.132717774194954	1.50053533452269
0.379283221254966	0.957226132756486	1.88534426291357	0.0756695684898219	-0.825861577643048
-0.747972910748475	-1.5501671708816	-0.731859222681742	-1.53227732347543	-0.757721964862659
-0.608319205789863	2.49317285132829	-0.666755318886452	-0.261971646128873	-0.614379567558683
-0.7511105577371	0.425725675460285	-1.18444606025474	1.35868963580605	-0.854522274424354
-1.21057345489845	1.43672945154865	-0.69949976757988	-0.158214463017685	0.48109484077347
1.32257952279842	0.221083396437667	1.08891976357992	-0.741328998328741	0.612221409704146
2.21282537154758	0.461489234741954	1.26345585604867	0.0887019884217631	2.6915711008318
2.11765865334872	0.0269420910627089	2.95725701921341	-0.138884839194848	0.708186953680114
1.56407609440857	3.05728444668821	-1.41812776500665	-1.23833315242955	-1.17897497570602
0.221660793422672	-0.0237027631299629	1.86141259591438	-1.59323407196636	1.53013421677888
0.094295118289306	0.851789196181241	1.12396617653978	1.76021660881611	0.694358608645847
0.861778952187038	0.126231576559541	0.535851076577024	1.42649590321206	0.344026255933589
-1.728618058986	-0.342056934734732	-0.550899171886346	0.831919243282509	-0.614783124947499
-0.937263367344134	0.397890360790778	0.743206317194902	-1.15691281827386	0.52054159178382
-0.0663157139533696	-0.539257615553623	-1.00816246016974	-0.747134987459785	-0.951331330900104
-0.0126785632630745	-0.834418734691023	0.938958862796231	-0.283909028135292	-0.860282710957346
-1.60618804459781	-0.25787843840892	-1.48866861176748	-1.26719171027318	1.16646442645715
-0.087502259124544	0.982144313275301	0.0901051220062991	0.885445354605972	0.201978685057914
0.80783448276076	1.40426995114868	0.371038534993859	1.51840903061602	1.31259354097769
-1.40175749120462	-0.737179417526642	-0.0544056898021224	0.317195939914674	-0.296898970916099
-1.35324109918719	-0.511119699342201	0.338127439857643	0.55391066064531	-1.60671657836157
0.21715279835685	-0.53909703044681	1.21379134226743	0.44059287546726	-2.22332776377142
-0.578574504650554	0.126788986449227	0.187047471833013	0.12143548311224	-0.35156512674213
0.621846555123998	-0.0734183902312446	-1.4451215531918	-0.68316890867895	-0.693069646212567
-0.758698056375859	0.585533241863302	0.414882694407643	-1.06649006337894	0.364338514469008
1.33391966123943	-0.369227370906559	0.19778488044361	0.373325487170924	1.23518115171418
-1.49539446402012	-1.32236872490211	-0.371874202326926	0.299252273871008	0.46974516997789
-0.766477880884921	-1.01970500929203	0.191741104045714	-0.449009082031104	-0.0615379103781071
-0.0524217470085076	0.629803046729476	-0.328850451336929	-0.585168648876142	-0.165696210632625
-1.29583566197065	0.545623795047836	-0.848323467365792	-0.322879407782534	0.096793179982912
-0.244869528330023	-0.464265346797434	0.181027271802816	-0.291704308116975	-0.348966206091156
-1.72606928324395	-0.159576693658021	-0.206810205560425	-1.280903604205	0.162127966432374
-1.16209377193315	-0.772928873122934	-1.2129547746504	0.791815543397761	-0.893333668545482
0.00967697526016106	0.516394243524966	-1.44820765896376	0.313551805208336	-0.113953636163783
-0.410650626119122	-1.81379343093342	0.195989455997859	-0.416919932795191	-0.0288270156985057
0.71441766978656	1.53466502446212	0.839879931655783	-1.31024230096922	-2.38061970313659
-0.793238038682318	0.481781286187699	-0.449811764858629	-0.771058132445211	0.596094646989047
-0.34928278929446	-1.09708143068293	-0.0426462725859376	-0.27679665445246	-1.18529762917664
-0.562303501690814	-0.478284457679752	0.602713907298862	0.453335462167753	-1.06150641350544
-1.83014474586595	-0.118497552446825	-0.707893826278546	-1.02044262995887	-0.716481247910218
0.058670388002163	0.106386107729942	-1.2694173859197	1.72136409170323	1.36242126165354
-0.257280667907116	0.7227021002305	0.290914477842931	0.324907517987292	-0.466236457043696
-1.07276488194842	-0.363171445921165	-0.191139139828938	-0.263195415586668	0.888311975286896
-0.442529922039778	-0.509982991295164	0.067157093028399	-1.36775241235597	-0.497481254239963
-0.409360076792123	-0.771261545475125	0.836479880964605	-0.670584117087405	0.202008693535342
-0.0246996023538732	-1.04453052934278	0.403956462337667	-1.12236511983373	0.844828839498406
-2.00533010825739	0.238317473344144	-1.12534536826247	1.31561359157327	0.159786805904767
0.473036298330407	-1.86469004034591	-0.834150996957966	-0.767893433809922	-0.0596442816777905
-0.733047980710964	0.952794601584601	0.0256349369188425	0.788214081384862	-0.75341580749305
2.07590108421859	-0.417350007259321	1.03447092170272	0.165599490784761	-0.0436251270442814
0.243624197467871	-1.79830592578743	-1.34819906246381	1.67330011235576	-1.90110158035828
-0.943924338198029	-0.411556078429056	0.867925394767422	-0.334074174131116	0.327953122407469
0.518225246638971	1.3515320832895	0.0920173778905635	0.468760458228441	-0.607286388837047
0.779766824603239	0.360934832779873	0.06292980293758	0.721488907216928	-0.906039861478345
-1.85170148068261	0.325847242636104	-1.58613182175774	-1.84401336256736	1.02765678096231
-0.788378856426932	-0.399302653928758	2.24054907957941	-1.06307399065822	-0.930072600661996
1.47182519769932	-1.20622860928128	1.88595404820029	0.227827532665271	0.50842264824835
-0.155303140399458	0.312728222331289	0.267383501712171	-1.13913526577134	1.4832260383923
-1.95784179761343	0.324486876905858	-1.46850044189129	-1.55164505580769	-0.0613486895346075
-1.75000106393322	0.687737885381434	0.393511947098943	0.14588704153837	-1.13816173344407
-0.498920005229827	-0.153352768729287	0.0897052272542531	0.831849250341366	-0.86613864889246
-0.444580869707542	-0.72446266086246	-0.234405485104767	-0.5605612132566	0.303051507520849
1.4357613290258	0.0926736931099858	1.44376779489502	-1.16225820865541	-0.742957442620104
1.14140633355398	0.036966490968938	1.43104307709689	-0.842045186767958	-0.643505133703562
0.310963451666114	-0.628353042950879	-0.231744290913531	1.10668572854213	0.861122673453329
0.362593391728275	-0.147992077850328	0.678494891984106	0.925291916825023	0.549690280071567
0.229489253658998	-2.37536643508983	-0.750785065294042	0.661263644347966	-1.16693972060604
-1.37132025450877	-3.17223322927463	-1.26359394891761	0.022402431561182	-0.232063219337209
-1.67252469227714	0.125071740342382	-0.326442957358346	-1.83163440651324	-0.0749823905239888
1.46438012344478	-0.00571654730477594	1.48487432178864	2.00561925466359	-1.3239099985564
-1.01845120912803	0.166407064597986	-2.40725595694653	1.27513061650915	0.421857131115586
-0.907777197584575	0.71907224404401	-1.97023317848934	-0.794367172739906	0.368724132043839
-0.222521463709193	-0.502182020228146	0.596367200196643	-0.792861025278693	-0.388532764133715
1.90805198483746	-0.697455580030286	2.00070543577893	0.564432014964118	-0.159568970773268
-0.145835483315991	-1.50594250437008	-1.34756097573155	0.860459430829821	1.10009311890052
0.39507948347403	1.11018289968973	0.544798183882458	0.567309817649675	0.69800232641406
-0.844829562244606	-1.29372647803001	0.388371622449229	-0.567736332686231	-0.938406257589461
-0.0197682116210759	1.04550201627043	-0.229525449250768	-0.670562484460236	0.0246820428011662
1.19662117206378	0.483346924844216	0.0274382687865277	-0.528891716528684	-1.13465282296627
-0.339880416939817	-2.80462008625841	0.821197265174355	-2.25022658160232	1.07814257782388
0.0592540959266569	-0.840771747020625	-0.88406781362982	0.94674337560982	-0.170509047163843
0.0539747306817682	-1.82213309904352	0.804118596839445	1.12967305123381	2.38908402110221
0.497940543046753	-0.820072517689051	-0.164118436483453	0.946951695765857	-0.342207724152032
-0.554912047477342	1.10648499866335	-0.572910049628406	-0.849377495804616	0.931349295979818
-0.232183820296588	0.77670467923756	-0.922993561300019	-2.04624409334185	-0.294270919674087
1.22249555499249	0.819519347944913	0.432900751106272	2.00784095245394	0.0650970162562919
0.908692699860611	-0.0767846500732525	0.260296424423632	1.23609644339382	0.898432999225484
-0.243217804101504	0.704561409622824	-0.995276290261894	-0.0293966877855315	-0.624159321078902
1.08556439216138	-0.975293056786288	-0.543629490128624	-0.588051513342691	1.19762363557715
1.38241051437971	-0.282947546869111	0.92772417301248	-0.689365448768496	-1.25472827810377
1.69542003218335	0.682536847127001	-0.380125086949931	-0.129129646763935	1.13657449935425
0.627341194187685	-0.243187996845157	0.607040625397893	-0.424097182793301	-0.683094660367387
-0.546896500611671	-0.0998348885611671	0.0652551779379936	0.302518451796255	1.76648240352508
1.38397606790341	-1.68686468734591	0.735536592442648	1.2472414688033	-0.792006083519402
0.420971147443402	-0.755914107276998	0.405810683414459	-3.20900200799124	-1.64028519835429
-1.25027806106994	-1.1398729075286	0.649085507965761	-1.68614069292541	0.334662790346575
-1.85448128713459	-0.505793496192615	-1.04400659002747	-0.322047818905524	-0.411428371240532
1.11491893491418	-0.428621163410388	0.683594649063235	-0.499725664835573	0.256874020207336
-0.390406733816827	-0.806325003179163	-0.789955115035815	0.352405018083479	-0.340027952977444
-3.22303268967885	-0.93226225132569	-0.813675064274636	0.722114238213748	-0.912560084500695
-0.173759682934825	-0.269287510382061	1.13337017572388	-0.723705546161158	0.0308768958321834
-0.17123523045137	-1.37905519980728	1.17776631495143	-1.31567760496455	1.25724393094171
-0.00644420564244516	0.242086502644431	-0.396595002352641	1.73671872858874	-1.34206915147886
-0.404130817594607	-0.642237104816482	0.286244912938849	0.404970129381162	-0.0919366796585981
-0.0542927899886195	0.148464728624421	-1.27631669843336	-0.267915531644976	-1.7498920133805
-0.411769864702315	0.240180127621049	-0.114569461750138	0.738359197057319	0.071634242021956
0.663925553953554	0.597171916754381	-0.421885675487881	0.489340496130198	0.265768438008208
-1.42774722134023	1.34207764278328	-1.34046652275637	1.34709385111687	-1.38369182762617
-0.561389950627094	0.368109364782418	0.210378225723447	-0.227040810384178	-0.202971660180746
0.152467181594403	-0.811257613644099	0.168906063227371	0.435216527513398	-1.44853815080641
-0.392836087303532	-2.97803575538725	-0.505980220750528	0.832722654461162	-0.177358818977067
2.26171281795072	1.22827895341121	1.17465844253264	-0.737454227074756	1.17855457083972
-0.655992752648472	0.365023956804214	0.251083102803729	-3.09954228310278	0.257750823225134
2.10569425344926	0.616810162922273	1.07830177651968	0.329234493055893	-0.664124937136652
-0.549546786942377	0.485342583255117	1.09866016764859	-1.47589176956051	-0.0979064458468689
-1.3811218368568	-0.64436623174628	-1.23641889686786	0.357088763604241	-0.745661114994543
1.26759452951842	2.01898039866634	0.954207566613572	0.687019372268249	-2.23394058308809
-0.431493783398456	0.34178057688779	1.02977169735974	-0.299118842295196	0.498446262271144
1.489044043732	-1.38945219473816	2.0292327934849	0.887284787825346	-0.411383152439707
-0.521609884445923	0.427565349468897	-1.40381996984146	0.808834492840606	1.59680817630671
0.566116147842863	1.26166042883959	0.201007296387491	-0.198855736739265	0.547197566298559
-1.60472883314042	-0.513657970366972	0.599821649415539	-0.333664021508935	-1.31379844314955
-0.869589219990468	-0.653540955377019	-0.184918808995368	-0.151974073624907	-0.415182226768399
-2.46096845144418	-0.401029285250728	0.418723958032532	-0.110351290614618	-1.31920018879194
0.724890884354259	-1.49799844165042	-0.122701984227922	0.851175188072385	0.547167513655856
-0.750177033499229	0.366892865671057	-1.5147171530388	1.94385896647793	-0.148389605150934
1.10671397060246	0.661875894931754	-0.462108849986564	1.49190883713434	-0.0671527635956961
0.544692966476841	0.773431290902347	0.833557434940813	-1.00098789570086	0.431271606756686
1.8467212235164	1.07687291521768	1.02357515909183	-0.965334929625089	0.32048420123012
0.236080158977414	-0.260469364619563	0.420038643687915	0.520090684229445	-0.22379542600564
-0.689719123198892	1.44178214267621	-3.14664657933479	0.280261657855684	-0.11820163923839
0.71613046624902	1.00790099548556	-0.0728069333438223	0.22501509103152	0.150189557084943
-0.2540059729463	-1.86377238550948	-0.169145665198643	0.0538722234858034	-0.00419467360373065
0.614814065789057	-0.0438727478514279	-0.562423050844025	1.68386145319138	-1.16512720716803
-0.125403611460003	-0.649808377289074	-1.01212401275594	-0.777933153614722	-1.11186775138607
-0.23603442799105	0.308177784659363	2.21814135464737	-0.389684987700456	0.812364081725136
1.27337495426661	0.00937223187341111	2.69174102072959	-0.0154728431538503	1.16534419040348
1.26001421571934	-0.241419199732183	0.905225474389778	0.422186386985286	-0.587871451819762
0.657320413753364	0.356586854793997	-1.21682892281876	-1.19104180058153	1.14474747593746
1.39489772615079	1.09596024292814	0.503558105195936	0.207904874704917	0.87960897777229
-0.748797506758415	-3.48730771783508	-0.63181786194635	-0.710666738932161	-0.577037727000852
-0.162816252015571	1.20087713643308	-1.24577078670289	-0.500295202940813	-0.0739503373485505
-0.536584673728783	1.01354602980775	0.188453478231405	0.04264620561062	0.251231520718896
-2.54808720095187	-1.08581281827044	-4.07734269635719	-2.00290486715186	-0.737839474007296
0.956488684552966	0.537534574995437	1.54776743849432	0.316751041708186	0.735184229470157
-1.5181056953785	-0.98880713026576	-0.769540988210224	-1.29679742179085	0.675314921585548
-0.383269326947352	0.941642656587739	0.600423932879963	-0.746945708608519	-0.449233601319279
-0.220569375660927	1.31477566060223	-0.884939309205261	0.417744351302251	-0.65585605317779
-0.387838298468081	-0.527768515127638	-0.762137842687471	0.188928272903529	1.47345676494137
0.170563940548987	0.338228316193367	0.923727699981423	-0.707818139673836	0.426529002981838
0.298864969548279	0.788561560322833	-0.694034667076887	2.63847594595039	1.21678834058928
0.55214234544691	0.276971125257582	-0.305502777373123	0.477939652326556	-0.177395226111136
-0.551981419647338	-0.411027334147826	1.81600954508445	-1.51240599925971	-3.09103906707897
0.0011774518582777	0.631132080863216	-0.795958661751419	0.420068456204322	-1.29481813715413
0.836730951040775	1.52216032139883	0.691326313871869	0.769269183120226	-0.709558643890709
-0.439995212169131	-0.517825793332194	0.244636758534356	1.06078844978362	-0.375974349559526
0.338077545725631	1.08756066736131	0.149717424456496	-0.680645508894521	1.47484896859404
1.35997141371509	0.892563732631053	1.37871472286593	0.69314350746738	0.64055288604999
0.0806615994560578	0.123118862635269	0.59201659073261	0.0285264520508408	-0.596695264136466
0.138344185354275	0.906464587253119	-0.508356557110849	-1.51975264388485	0.325809774848928
-0.13703976985721	0.155371741586227	-0.373806172124604	-0.186163979137483	-0.943628546698434
-2.01516903821011	-1.88465807754166	-0.729184990441837	0.018586720378916	0.372485328087747
-0.441544681250135	0.738088092208601	-1.17090604115211	-0.162732882434453	-0.57735863043429
-1.48639392918486	-1.33698440162965	-0.305057467621839	-0.714537643704914	-0.272595919159082
-0.363298026008837	1.22733979637735	0.129602509448548	0.268986497431746	0.0841233455132243
0.338022666853675	-1.75952613304102	-0.298917460451712	-0.536247952121923	-1.731700532256
-0.911588515427812	-0.244401740745597	-0.722764733998733	-0.421402663852525	-1.1699810698092
0.946168419373131	-1.47808789302303	1.0387492574615	0.677068402745411	0.727174256889877
0.244689090880782	1.53606943748169	1.64600385002917	-2.15489657725211	-0.74377631193419
0.747630222457836	-1.39809796729605	-1.2134695129532	1.85225592783681	0.533642595460117
-0.995887497582099	1.57315727304588	-0.00669303563782591	0.831296550014418	0.308716634857318
1.08525110215616	0.460373730298792	1.51526510870755	-0.239193203834561	1.65233423685704
1.07760306842653	-0.44901432313978	0.666780779783514	1.09407378321851	0.23119167609366
0.252717518449446	0.825011489291708	0.364585047449126	-2.91067145348718	0.994327796873871
0.817724812080558	-0.448098583316994	0.304221476921036	0.817873868160188	-0.355056405840759
-0.310129864915316	0.100274065923881	0.514468072477802	-1.69897705165577	1.13548514131241
2.65915614184584	0.463923559269328	0.164902331308716	0.588786563922349	-1.78646854246074
0.446553374169286	-0.723268269109704	2.06971400840921	2.41520079569408	0.644044273473599
-0.643763000534868	-1.33192817635914	0.581926231330992	-0.11335608886769	-0.581539579525493
1.24604129896804	0.0121743492791138	-0.596022315757064	-0.417590655420101	0.866218863940508
-1.17625697960299	0.19710076595919	-0.38482041577576	-2.81507903750347	-1.90262374175809
-0.0866556286708179	1.65741892693959	0.0525166334957202	-2.16976424441418	-1.03838471526955
0.903581579142264	-1.28494519210611	0.400267443651146	2.88469792227879	0.145029105541296
0.0275958059713897	-0.954720813753192	0.115024243889594	0.208667516304897	2.0471404642062
2.22691304893507	1.73627800314152	1.4898938668706	0.195388200718354	-0.410526343397454
0.893410055601699	-1.17218475181127	0.197074058329592	-0.674679461636823	1.31194397180758
-0.41435566938769	1.02181802454851	-0.36158828699747	-0.178092149828815	-0.221425409090899
-0.96659828042562	1.01836743144939	-1.95387907203816	0.567222155537076	0.828995393007318
2.52700832419809	-0.231408058176129	0.841909382269386	1.09338548983526	-1.11683583269133
-0.195348530551822	-1.11670991530775	-1.21398600017096	-1.29327335669492	0.334828302012164
0.886592629228596	-0.898657791434223	-1.00725627571465	0.133882550395793	-1.03593159595816
-1.60425878434341	0.0259612139591668	-0.489356811033947	0.058908520489463	0.365574753431719
-0.640138012091448	1.85960010426166	-0.74540648493485	0.213527818769848	1.02503386724645
-0.728276479372393	-0.916310758357676	-0.107132873890546	-0.517218616538422	0.0927116600098167
-0.48609470485402	-0.795631060765896	-0.558855989292013	0.720546405599628	1.06654896022458
0.170485437000431	-0.466913079648789	-0.474466442201406	1.31634610918275	0.674115455613677
0.495378955873229	-0.170452126448826	0.286028050820714	1.18296053337794	-0.633101696622381
-1.5940531891962	-0.0677037539806419	0.0182845818681995	-0.276658498514625	-0.00255470605901554
1.30487545120142	-0.169244019309205	0.759614136099453	0.31028704865025	0.25561230035546
0.0268846833048293	-0.36551438652363	0.0311216538888803	0.221078200569579	0.51529100193241
0.454067646598085	-1.65350233699215	1.4618118392745	-0.422993320351282	1.32253137797743
-0.907900474636134	-0.219989319357585	2.18520819088724	-2.24476117633625	-2.09164096155646
1.19096627202038	-0.189320625462597	1.7850903539435	0.594065918599021	-0.486069818860811
-0.337042086250493	0.977329233882983	-0.0618427834553016	1.9069596077802	0.259112389415069
-1.32953971201906	0.835518060093533	0.000798266982896562	0.0769513918353235	0.587061467037333
-1.67255782834682	0.333172726867171	-1.91127452564064	-0.406367137110522	0.305352047236058
-1.11646069631536	-0.442704642240304	-0.481008632622481	-0.899497349078399	0.522557864471342
0.0942611639326138	0.950544021708287	1.38064529559178	-1.00777185298743	-1.60955890159764
0.134296355363391	-1.15924730657993	-0.316189586771838	-0.94738427933667	1.56537692694156
-1.63488511659408	-1.00800739639213	0.18698169651859	-1.9599042085586	-0.768295434502375
0.669862514942399	-1.53289785288101	-0.109552897670631	-1.33841978836494	1.12884139499284
-1.26432976653747	0.780870592936987	0.271126759387854	-0.40816863277802	2.42508162439744
-2.41158876609889	-1.78840350172062	-1.12884940668618	0.569038115316015	-0.537636694385844
-1.87346356593401	-0.0843799689975332	0.110885506094347	0.384706426692541	-0.0660445113568082
-0.0879505045793948	-0.0431276673780156	-1.2431783176771	0.44713515937719	1.13123262692422
0.339656902492022	-0.141233320489202	0.212690986409823	1.65621552317843	0.831249317437276
0.996491002724701	-0.296908378578343	2.55118682862958	0.654006493684504	-0.432333025302195
-1.27509855513398	-0.136626543420445	1.08484026927948	-0.903915839492196	1.86286935682073
-1.06916216539466	0.249023698790385	0.410860676887129	-0.490010736267124	0.550953996490542
1.2500026857007	-0.688064432656164	1.43733058208867	-0.190759407540735	-2.58893330866261
-1.22883896543502	-0.469625920101054	0.0616619282416914	1.15440953476618	-0.130233149263007
2.15551642292411	1.4773008142262	1.17264453122837	0.140447217350161	1.15830860251029
0.293091351465114	-1.0887783160697	1.28462113050677	0.347834692092539	1.55346140121376
0.0192402433604433	-0.641386376969935	0.344711668080619	-0.597622825447685	-0.492905856852197
0.730234698772506	-0.0737190895682203	1.80002434072957	-0.0265693509659452	-0.463633711519087
-0.373578698681635	-0.484393602145584	-0.844865254751963	-1.57666891567409	-0.939176252243284
1.37328838609985	0.791875704548133	-0.0136072031283165	0.0368351455384466	-0.467405440525785
-0.38156897968989	1.42609912129444	-1.29445105917429	0.109643825282918	-0.654603317872513
1.07586161686521	-0.191480405024329	0.624664663205773	-0.543035664038873	0.697663213518082
1.02188608558857	-0.384975473668166	0.789357207143975	2.67695561690134	-0.49785910716208
-0.934724910015166	-1.4572172975715	-0.94169627335103	-0.65141214086087	-1.03964351507827
-0.603945452345098	-0.762499149841234	-0.0928720535347127	0.538986584222807	-1.62045970104249
-0.118376158714464	-0.183276159857556	-0.0760301464820603	-0.758889860363376	-1.14248029137726
1.25405110564337	0.974309695319053	-1.50682326144795	0.131599245643004	0.0387386989974336
-0.877233607367198	-1.42576983780052	-0.234830482759869	-1.28590189075789	0.256950230518787
-0.0210783713493917	0.250422447370193	0.0274087970838719	0.166370455425371	1.36056302925863
0.613169273593372	-0.514944677396301	-0.716422358601289	0.0760062257631099	-0.099194434090614
1.00422091778526	0.116087867757635	1.73797431839943	-0.0749299874622661	-0.214071699086294
0.412404772161894	3.40492551298378	0.703475537966752	-0.423670331887658	1.60980839384893
-0.132697063787451	0.133968448110654	-0.336455214194539	1.63363105029411	1.07956282944457
-0.430616446478746	0.344207541423231	-0.966122274906545	1.28351682069701	2.0756468912787
-2.3448858675499	0.0160654223995317	-0.198204348840464	0.625723156011545	2.15874050268476
0.368713881280244	0.0376847230767901	0.814993824730904	0.19824804541294	-0.423741715784094
-1.68942714384601	-1.32017557350085	0.064519477914699	0.343671966934215	0.386670992412965
-0.3758560181556	-0.0207782870334712	-0.828755155333572	-0.765297018706089	-0.835214849941535
0.115185444038617	-1.93800519128191	-0.267931432015777	0.773143527888844	0.389766501531413
0.55729367973709	0.686045664440261	-0.532933490278968	-0.0650847965170318	0.350413266598505
-0.527635159395917	-0.845607417512592	-0.183142690145076	0.0788470523104583	-1.2339275188684
0.78358241133604	0.729092329669057	-0.82361054379384	0.534023835402003	0.379241069230964
-0.972565827955846	-0.277603201069175	-1.00370418922429	-0.696722372124605	-1.41630412026216
-1.32295538038556	-1.01677802539393	0.08110168066029	-1.46596979720833	0.554248517677518
1.63331771858066	0.576878821252977	0.102075046121995	1.89960493140764	-0.401299286394473
-1.71263848002083	0.0996572768902251	-0.7123344073183	-1.0004907609441	-0.131625447639104
2.15919836461819	-1.13940338632663	0.274108086946329	0.474564590296061	-1.8235408024113
0.0935831851756972	1.22256057787762	-0.252197940935899	-0.229813176389022	-0.850196908538546
0.509009224605896	-1.29601584670159	1.34583445175614	0.0800951881695383	0.865532164085421
-0.314727468714699	0.0223635010349262	0.666286211024632	1.14390156342913	-0.127702449313731
-0.446941964527006	-0.838663675471693	-1.99853269531667	-0.151456433147743	1.01237465214663
0.992534275771311	0.440814082839777	-0.799084397926694	0.0438179210515714	-0.264467153077162
0.100798954692062	0.248698892902963	0.286260808083499	-0.910599336609847	-0.0974480778819471
-0.22367409428715	0.579093222326065	-0.77058154017283	-1.05185715931711	-0.216174466248963
-1.56423964696343	-0.716502182952709	0.555114096698256	0.467095651740421	-0.356334935998599
-2.22491952371434	-0.230730341490785	-1.69597579746279	-2.15891808965084	-0.0969686993292007
-0.419352052514289	2.20861493400866	-0.956245281859224	0.505438839643787	0.200214573193948
2.11702578259056	0.998200133710878	0.320665897785088	1.19835989514808	-1.50791242425071
0.886709167265162	1.0949469010166	-0.00950019600088101	-0.85424292372755	0.828811730397646
-0.334708592706288	1.92106298255381	0.567887427077265	-1.88428434166721	-1.47300664240226
-0.0936516049768746	1.24701951491572	-0.935147538350151	-0.595287296550088	0.649297514281417
0.363045556281803	0.767376064104592	-0.660299690936568	-0.506929572534467	-1.00908549354828
1.74051426223163	1.36686647623909	1.31196994875746	-1.09583393401423	-1.96033393753702
-1.56003333327978	-1.62575626664037	-1.62503249254453	-1.83054781671412	-1.3194765652182
0.294656539635253	0.0468143790924024	-0.538129152221146	-1.89370279909096	0.56775886686475
-0.671186659381601	1.26953802059969	-1.8756638223455	0.000130678104844545	1.48120872785496
1.55603447863003	0.37563491521342	0.687207606384072	0.431097167840019	-0.0505522234735228
0.218311387466517	0.155778279615661	1.44821058481086	-0.506231041416709	0.00550216494559194
0.461272530023027	1.71820894084987	-0.768184202272309	2.01906842083447	-1.21424620032959
-0.636932530307264	0.333595105044689	0.04090953393794	1.99056441288857	-0.141051448161606
0.423249029645748	0.334142425684988	-0.00621462897616662	-0.111851169224724	1.645629466146
0.838659503087595	-0.687053830127509	0.468972528852793	-0.170181824769398	1.4846352716946
0.174421743827688	1.56331104148272	1.5172390478697	-0.447860829885682	-0.112721508582319
-0.522708314544307	-2.7826883058395	-0.659432848994131	0.347144229853912	1.16622670430468
-0.926964598459302	1.93581308225046	-2.08737230574543	0.90582969112429	-0.716824220111337
0.223672965080631	-0.0231783923743971	-0.150197091682976	0.512875301135811	0.494358902250062
-1.6240170027059	-1.8182247296101	1.68530141882885	0.355801163733913	0.855646101556352
-0.486953860246152	-2.07974786734776	0.532927415561214	0.678797868406435	-0.442278846470095
0.367862458673344	-0.0363481891195698	-1.70849047097198	1.62618047177517	-1.25882315513412
0.981340362066443	-1.50275060928444	0.256118694341868	-0.659961301414596	-0.714185835178165
1.52286626015681	-2.18963574168166	0.928664826110951	-0.797979379697245	-0.567608927912452
-1.04733341026858	0.171038167189707	-0.137357429947658	-0.546367063560212	-0.0121754828959063
-0.982035737885048	-0.167248817629223	-0.412164132849399	-0.0889136228242038	-0.75803808869714
1.05054825509171	-1.68466357175653	-0.241684612964669	1.42060772350477	0.086403132563867
-0.338371961447768	1.22891473484027	0.307714226545669	0.996952164069059	-0.322545741895226
0.101755764684579	-1.28059533761927	-0.340061494450743	-0.23139444649916	0.533624788758132
1.30843843499098	-0.1119129497623	1.67221381797437	-2.29108810417991	-0.94906749830893
-0.994651549464515	0.73933877503359	0.427225268174132	0.360004521711876	-0.503244647115757
0.202885813227255	-0.150887662830843	-0.919790407058864	-1.8181805002156	-0.291562193218941
1.0329157035019	0.184084033906333	1.65538067395312	-0.919632782887959	0.747228071176754
-0.761535555206471	1.82812804078428	2.13785036116887	1.73393094364125	-0.36867242369894
-0.98144770140557	0.70019870680293	-0.65712117575255	-1.46242539257943	-1.6525571532775
0.0734369577709153	-0.286450149067371	0.763230296822475	1.75663896747207	0.561470398004928
-1.49117770200475	-0.156484277065325	-0.829037652663666	0.46520914812286	-1.34399935154577
1.07309647987767	0.570843282232383	0.266458863131508	-0.382611381164496	0.967198535653287
-0.557381171456431	0.849570029131135	-0.876730754547696	2.0999639320636	1.94742808575285
-1.58293720467595	-0.88045966893202	0.258855801657971	0.826189773686091	0.60457808246379
1.89519209629824	-0.176184265016491	1.13856596081292	2.0360463792691	0.0447176154200979
0.579159907601599	-1.25739887731884	-1.07491652191102	0.482757078728302	-0.547170438250955
0.463674432404178	1.33040568074222	0.192150951381822	-0.758770980864372	0.470041916737268
-0.884521652983565	1.34178786865853	-0.520162092222474	-2.19561510285157	-0.35422332910102
0.652820750215195	-0.265333003577638	-0.615393765315198	-1.45333068197993	-0.539380376393807
-1.05262592559378	-0.982366098623676	0.524842701546421	-1.38087753913357	0.487286280568336
-1.95127388624108	-1.66832241752103	-0.790602142093409	-0.507742529338052	0.758226833417032
-1.08845750111443	-1.71980270567618	-0.637163308589096	1.08054154254426	-1.40039035499795
0.442601086848695	0.126056756365284	-0.186847348349172	-1.77475991797789	0.0826843462868722
-1.73920677596874	0.923913181442719	0.469756614185641	-1.50871188799803	0.921859358017561
1.444649624682	-0.110651285341143	-0.611135754503288	0.624771433327251	0.529792029550231
-1.20226362781121	-2.93028142724303	0.83568907988765	-1.78850021353819	0.662689640984763
-1.19538398950624	0.123286476545086	0.366527003971417	-1.14841254928948	0.528272215924966
-0.260228169132711	-1.5096236583005	-0.0890372093166128	0.830117254943083	-0.342258864929948
-0.198270823689977	0.885141362096916	-0.0389264831413827	-0.721500729124273	-0.249213483620063
1.16390997945897	-1.10643277872558	0.724855471965022	-0.146775509058672	0.94104887131698
0.788838096685599	-0.81931670281236	0.0412536859924599	-0.799628683083388	-2.5697989100692
1.17731585466829	1.7100258536046	-0.825502665109863	-0.854080027989664	1.04090519284568
-1.00833640681676	-1.2173197860022	-1.05541284321886	-0.819646571800435	0.725511861042118
-1.33458026567836	0.311465315429674	-1.27534726491001	-1.96785116566325	-0.437290590151572
0.247067506675449	-0.513909615970362	0.825756200679113	-0.810644995667587	1.35482031229222
-0.32644220295082	-1.10445569083181	0.726813680425906	1.14600489601174	0.533087912805774
-0.194753365142472	0.414382196108676	-1.25556626108074	-0.915603701453193	0.143530456009092
2.52826524617472	-1.30724956607867	0.525493538949023	0.406019374081976	0.521173373182644
-0.926584713994649	-0.471622370946859	0.896341024090538	-0.277918350682126	-0.262370660875848
1.2938026093025	0.150006032199573	-0.171420794380401	1.69102079750645	-0.722534409771557
-0.238311602554048	-0.17068751269502	-1.69912079439211	1.41857772776971	-0.189248957877562
-0.0990168078943452	-0.0108046809940777	-1.57313988196917	0.681612517946603	0.187352349262491
0.92180088955425	1.26049663517295	0.268015256146664	-0.310219515745872	-1.03911156792582
-0.207725659246704	0.779804088738266	0.736866372167289	-1.18365496897959	0.842167006479368
0.312397886199898	-0.145098074276605	-0.806276570070699	0.76624295708722	-0.0663540249617027
1.47941675387195	0.658773656011064	0.0915622379595203	0.740127704996682	-0.434309829954194
-1.20696579485006	0.026850293726363	-1.16837845295873	0.605818726050979	0.0164301858724049
-0.325899304445774	0.0470148275779452	-0.937168799915464	0.0919863991507956	-1.25028155446591
2.37264188360578	-0.159791983154076	1.24733877115078	0.449441487150728	-1.98433051738527
-0.175326540369245	1.29717641652945	1.10623388587266	-1.32542499974292	0.338756181352767
0.235121722243114	1.94054798855298	0.172692981569588	0.0572551909172985	-0.0893297515448402
1.59431652323737	-0.426730735595055	-0.394979641330502	1.20039743057851	1.47845039875537
2.55534567334889	0.303140747033317	2.38906544565171	-0.112178863404186	-0.0120879713534896
-0.188791126268058	-1.30215096520516	-0.49036349041961	-1.62815238125061	1.26175674065073
2.38085557935457	1.67963124140201	1.46024437222183	-1.20747735855289	-0.323919585266074
-0.126982904138413	-0.615209844703755	-0.5312071943688	0.502742618179018	-0.0710966840424797
0.754724583875179	0.768365425263485	0.0590554115883233	-1.51536402405158	-0.576193176484161
0.617221790234657	-1.58557178948726	1.36135354684693	-0.589429042342026	-0.387466633340101
1.83806988968675	0.0219255628928342	0.199282084954762	1.6334621160305	0.589839676693651
-0.832014888132518	0.393679352217014	-0.974775035181025	-1.40619614043488	-0.447395081139325
-0.548511575071365	-0.242720540827036	-0.385234918912652	0.503500193617549	-0.231132751897027
0.718786666700695	-0.403902233646091	-0.261378053302707	1.79590052599924	-0.657194067997489
-0.735920500383758	-1.0109718246808	0.31504293759327	-1.17667442153939	-2.58080593858789
-0.593929957827695	-0.5862634186818	-0.770581658581776	0.201902517847007	-1.08396166585255
-0.962151942303226	-1.71425179247311	0.80334158331269	-1.31870714771567	1.02209688236511
2.89438721900126	0.101563341189037	1.55346115758939	1.49349681466183	-0.538770261232458
-1.05137816007189	-0.197755710246855	0.237942721020442	-0.757387157277868	1.01832358487874
1.01959757248624	0.538075533679973	1.01578849491358	1.22422826208477	-0.990693205974465
-0.987742246157004	-1.22438420727901	-0.939310194480982	-0.75981452695053	-0.34585241794059
0.0341928211041809	-0.281862108272711	-0.544725340206089	1.10532460639362	-1.25084724444931
-1.68638044796617	-0.645452020829508	0.45719952042164	0.0783040030647029	0.635670272349374
0.693431615509003	-1.0903206971018	1.03470826279115	1.19049697730765	1.02956594454409
-0.94249106828532	-0.00102518256370923	-0.896532330742256	-2.20751873719466	-0.900436389675021
-0.496799359037283	-0.309625186360645	0.123896753007488	-0.205896629938405	1.26014293466819
1.8218381626666	-1.20767136780813	0.870150400515407	0.0870844869638531	-0.0383000195452179
-1.11765453732406	-1.01234161451494	-0.848868738214574	-2.56410441209825	1.1668016674509
-0.648443426974032	-0.0197864209015493	-1.01041862137452	0.412847064714618	-1.11219936437928
1.14525722097682	0.2391567668816	0.672304661514686	-0.458849767280252	-0.144589148709503
-0.563174807976612	0.768211836128564	-0.486069289306089	-0.176349227679079	-0.0894812255381328
-0.191338565283551	0.527558590166006	-0.278504454839504	0.836299618828708	0.5336579156356
1.10350800128044	0.22424053873647	0.387378348927217	0.154915428336029	2.17568155970178
-2.00719420839972	-1.00457530055623	-1.00309338498325	-1.30713930178749	-0.214153952988209
0.16961141132663	-0.490555586485035	0.778923031226724	-2.54957106348535	0.50129542306997
-0.983154556141066	-0.38308830938729	-0.422750346395813	-0.105793843389723	-0.921179437141049
-2.11832780174092	-1.26000176844091	-1.51079962826669	0.702994026687213	-0.217973626651644
-1.17464805440364	-0.407199448318759	-0.613735659816829	0.793467208912443	0.0112802562313624
-1.0025696869887	-0.288483887086183	-0.0713104354146852	-0.410382081025922	-1.72653278852951
-1.37594650679891	-1.69344153375171	-2.07087543487653	-0.518676600551419	0.404888857037418
1.81886728295218	-0.203761805233462	0.55081014371875	0.196403544180592	-0.394179362397625
-1.29208822037949	-1.4645514400834	0.019129748182043	-1.29818510011872	-0.318395522323606
1.78101554152022	0.691900175811754	1.48235090967855	-0.694411072604991	0.723121459815127
-0.665868038987238	2.00808355053066	-1.13205559521804	-0.87366509020836	0.463587394607253
0.49115124686599	-0.326509352879521	-1.8917180014209	1.1664151416444	0.0194455376395145
1.88018796575402	0.835570105755276	2.71356408420274	-0.46553430311542	-1.49999562033857
-0.270364326120649	-0.296273732287624	2.99147647777517	0.0442299125726849	0.0635857146913089
0.0804141060543905	0.918163125432093	0.31200060222757	-1.37634044102093	0.0504627621872396
-0.564022464261503	0.0553889014776184	-0.438889542093242	-0.425927165245308	0.375817225269876
0.463568719764843	1.17379335302248	1.18967476431729	-0.152363702843962	0.27987695604303
0.95798093138058	1.42577282016002	-0.807864667294912	-1.18453711079107	0.0736144901035346
0.447889099100402	2.12141928421263	0.944936084924425	0.797632668598453	-1.9106364539936
-0.121718172745624	-0.573980600555468	1.09976256537761	-0.946096619465493	-0.316712727580773
1.30614613017515	0.336813901335116	0.912837838755072	0.75628675595723	1.25501282691131
0.354550665994088	-0.822397844763939	-2.42108753672174	1.16224116087301	0.375689569982449
0.611456619495622	-1.34833625151227	0.458318632553354	-0.969944858444191	-0.491516623859678
-0.584895028466197	0.223464830478128	-0.239441686429624	-0.0702905705012583	2.37784702723363
0.138879081339684	0.617245527436066	-1.06293229011624	0.022482770290729	1.4819888041609
1.3861825628119	1.76134238769267	0.636391327333254	-0.0203794946910831	-0.262720511589234
0.149198713037932	2.05767882668876	1.73658719866748	-0.878523431501402	-0.382773625145199
0.56621973162877	-0.643573470214248	-0.169428149200902	-1.03008543058405	-1.56553322728455
-0.230342955214994	0.00026452478238786	0.609598018298154	1.36860948727272	0.190171944277694
-0.794392990926581	-0.434928160128577	-0.647538051872212	-0.380549584619875	-0.324226959066939
-1.93335925958013	-2.83310103825422	-0.179150331049571	-1.08821772774908	1.03335593686718
0.391301616474177	0.0917830537812214	-0.59800722046956	-0.0102406567957614	1.44342568100451
0.934887902267976	-1.15943248657892	0.0317200531494526	-0.355295563904327	-2.64745160365351
-1.08465646523099	1.05016446744894	-0.347496571723286	1.06509743873904	-1.44155342316837
1.6130849051368	0.0421765193105057	1.20684625321935	-1.75447720055622	-0.608249164361539
-0.488209662384062	-1.12976834018114	0.221965430229111	0.950332933897829	0.231548117879851
2.13402616504507	1.12944856330475	1.24101618918681	0.622656554712184	-1.16821525935229
-2.31221001122133	-0.824163027156711	-0.684679286320151	-1.52166331254092	-0.240232235849871
1.62750317104237	0.257896678459932	-1.13398199099308	0.403830027323266	-0.574340373829373
0.575535488720743	0.498837828964223	0.698717648813546	-0.950836615795274	0.112156361371807
0.281005348958954	-0.918544076958389	0.0736451046553426	-0.779419561322458	0.479772449086571
0.440409035756147	0.308286255941091	1.05833799886093	0.576464242179814	1.58524816431523
3.52591904951029	1.21159926679683	1.19196594721482	1.29402567525046	0.724988559288291
0.326171366695475	-0.722082565800481	1.22709325039455	-0.519264315285672	2.39021210159326
0.961702209267971	0.0247478716544338	-1.62563003258846	0.359871239642418	-0.0249190146643229
0.423904548308153	-0.11512831445704	0.75318940723612	-1.08562965545182	0.819098847435796
-0.740243293276037	1.29546796431371	-1.3167612559405	0.887706722112008	1.10030740582908
0.716822451904525	-1.16931003914936	0.866961085831046	-1.13602127204903	0.605258728958671
-3.58633427801658	0.606767409401148	-1.00400908194331	-1.7037251326146	-0.728262493694539
0.0943661013989382	0.548747318113636	2.34317942617356	-0.717207513622944	-0.892887841196068
-0.835980914139865	-0.234980874070367	0.458807335994215	-1.18479176144271	1.9236630045323
-0.115637290850408	1.08458867407827	-1.47638156533486	0.0792628164663324	-0.0629304018453504
0.501855764209614	0.476647639131768	-0.652400502434769	-0.917013026400031	-0.183494527460473
-0.899061310573142	0.875459133162853	0.335557415881833	-0.75941970574495	-1.11567744027957
-0.334037075114775	-0.186009083250518	0.187680547018418	-0.142098424248517	-0.579360650920881
0.249143479145128	1.48242659056655	0.323073161513154	-0.27761615254287	-1.30442429542834
-0.739463885607765	0.470798992317193	-0.0694771253834367	0.623769791774817	-1.46313248598432
-1.17500796436462	0.495339536128015	-0.919176311849984	-0.404676710038641	-0.248092040518457
0.682510442550798	-0.581340286707293	1.95223089870573	-0.932139996465651	-0.44178201877092
-0.370570736419925	-2.01025288761526	-0.0745047823148401	0.0934649176017635	-0.675839184736578
-0.600117456899417	-0.0133999684701813	-0.721849615068508	-2.69935565144196	-0.0454982871895482
-0.865485831537014	-0.302703198252957	1.23978747870334	-0.298885136163517	-0.433184796916313
-1.10616874595793	0.0543840221129178	-0.581592675225425	0.39780912490262	0.713198691390681
1.10832189314907	-1.00385478526137	-0.226207838386813	0.929467036609442	-0.67211867278104
1.73187602974961	1.42417303420067	0.614491414743292	-0.248411240109882	1.97822623669073
-0.782306578972677	-0.300789043442166	-1.57396360227621	-1.35134383801528	1.11876760663314
0.443890158175504	-2.01780017238094	0.475696561941209	-1.38820101006453	1.23460682029606
-0.30737703672402	0.0499205053038275	1.27384926656127	0.973083611513038	-2.90795238774586
-0.530339541934576	1.23257494864922	1.29678848334037	-0.194269790859097	1.4433512444098
0.0956142876100697	-0.484064695524309	-0.0117283717892773	0.719539825099344	1.62077757978803
0.574181605597747	-0.738580772404636	-0.181807540788359	0.861128371885615	0.036852601108164
0.208450407831314	-0.440340617565172	0.441308874732092	0.102035570117423	-0.533264476224246
1.13295712167314	-1.5136602661467	0.633901349034565	0.923536389362589	-0.664921176128157
2.01664870015389	-0.0509615222347417	0.462073003171344	-0.16334673897488	-0.0293362356832773
